1764682628387 0.0 9
1764682633080 0.0 19
1764682637733 0.0 29
1764682642389 0.0 39
1764682647089 0.0 49
1764682651752 0.0 59
1764682656970 0.0 66
1764682658483 1.0 69
1764682663216 1.0 79
1764682667889 1.0 89
1764682673243 1.0 99
1764682677994 1.0 109
1764682682898 1.0 119
1764682687601 1.0 129
1764682690834 1.0 133
1764682693698 2.0 139
1764682698397 2.0 149
1764682703118 2.0 159
1764682707876 2.0 169
1764682712567 2.0 179
1764682717224 2.0 189
1764682721929 2.0 199
1764682723778 2.0 200
1764682728021 3.0 209
1764682732698 3.0 219
1764682737364 3.0 229
1764682742050 3.0 239
1764682746742 3.0 249
1764682751399 3.0 259
1764682756418 3.0 267
1764682757413 4.0 269
1764682762073 4.0 279
1764682766895 4.0 289
1764682771580 4.0 299
1764682776224 4.0 309
1764682780849 4.0 319
1764682785494 4.0 329
1764682789210 4.0 334
1764682791563 5.0 339
1764682796232 5.0 349
1764682800929 5.0 359
1764682805568 5.0 369
1764682810201 5.0 379
1764682814890 5.0 389
1764682819553 5.0 399
1764682821773 5.0 401
1764682825510 6.0 409
1764682830161 6.0 419
1764682834803 6.0 429
1764682839449 6.0 439
1764682844130 6.0 449
1764682848788 6.0 459
1764682854342 6.0 468
1764682854846 7.0 469
1764682859509 7.0 479
1764682864169 7.0 489
1764682868827 7.0 499
1764682873480 7.0 509
1764682878133 7.0 519
1764682882775 7.0 529
1764682886894 7.0 535
1764682888825 8.0 539
1764682893464 8.0 549
1764682898341 8.0 559
1764682903035 8.0 569
1764682907684 8.0 579
1764682912330 8.0 589
1764682916962 8.0 599
1764682919676 8.0 602
1764682922973 9.0 609
1764682927623 9.0 619
1764682932280 9.0 629
1764682936967 9.0 639
1764682941640 9.0 649
1764682946278 9.0 659
1764682950579 9.0 669
1764682952243 9.0 669
1764682956909 10.0 679
1764682961550 10.0 689
1764682966246 10.0 699
1764682970926 10.0 709
1764682975574 10.0 719
1764682980229 10.0 729
1764682984824 10.0 736
1764682986240 11.0 739
1764682990887 11.0 749
1764682995538 11.0 759
1764683000178 11.0 769
1764683004805 11.0 779
1764683009469 11.0 789
1764683014149 11.0 799
1764683017349 11.0 803
1764683020155 12.0 809
1764683024801 12.0 819
1764683029476 12.0 829
1764683034108 12.0 839
1764683038788 12.0 849
1764683043440 12.0 859
1764683048151 12.0 869
1764683049992 12.0 870
1764683054179 13.0 879
1764683058837 13.0 889
1764683063478 13.0 899
1764683068101 13.0 909
1764683072763 13.0 919
1764683077376 13.0 929
1764683082792 13.0 937
1764683083842 14.0 939
1764683088636 14.0 949
1764683093379 14.0 959
1764683098055 14.0 969
1764683102725 14.0 979
1764683107372 14.0 989
1764683112036 14.0 999
1764683115928 14.0 1004
1764683118330 15.0 1009
1764683122999 15.0 1019
1764683127691 15.0 1029
1764683132323 15.0 1039
1764683136986 15.0 1049
1764683141642 15.0 1059
1764683146299 15.0 1069
1764683148526 15.0 1071
1764683152265 16.0 1079
1764683156904 16.0 1089
1764683161559 16.0 1099
1764683166264 16.0 1109
1764683170969 16.0 1119
1764683175989 16.0 1129
1764683181520 16.0 1138
1764683182032 17.0 1139
1764683186708 17.0 1149
1764683191374 17.0 1159
1764683196002 17.0 1169
1764683200683 17.0 1179
1764683205488 17.0 1189
1764683210163 17.0 1199
1764683214423 17.0 1205
1764683216350 18.0 1209
1764683221052 18.0 1219
1764683225732 18.0 1229
1764683230407 18.0 1239
1764683235067 18.0 1249
1764683239730 18.0 1259
1764683244362 18.0 1269
1764683247130 18.0 1272
1764683250425 19.0 1279
1764683255079 19.0 1289
1764683260103 19.0 1299
1764683264862 19.0 1309
1764683269666 19.0 1319
1764683274330 19.0 1329
1764683278622 19.0 1339
1764683280277 19.0 1339
1764683284966 20.0 1349
1764683289686 20.0 1359
1764683294395 20.0 1369
1764683299048 20.0 1379
1764683303690 20.0 1389
1764683308340 20.0 1399
1764683313008 20.0 1406
1764683314478 21.0 1409
1764683319184 21.0 1419
1764683323829 21.0 1429
1764683328532 21.0 1439
1764683333210 21.0 1449
1764683337893 21.0 1459
1764683342581 21.0 1469
1764683345760 21.0 1473
1764683348588 22.0 1479
1764683353288 22.0 1489
1764683357928 22.0 1499
1764683362636 22.0 1509
1764683367281 22.0 1519
1764683371930 22.0 1529
1764683376584 22.0 1539
1764683378399 22.0 1540
1764683382638 23.0 1549
1764683387278 23.0 1559
1764683391935 23.0 1569
1764683396572 23.0 1579
1764683401185 23.0 1589
1764683405809 23.0 1599
1764683410932 23.0 1607
1764683411897 24.0 1609
1764683416544 24.0 1619
1764683421342 24.0 1629
1764683426071 24.0 1639
1764683430832 24.0 1649
1764683435573 24.0 1659
1764683440244 24.0 1669
1764683443867 24.0 1674
1764683446206 25.0 1679
1764683450811 25.0 1689
1764683455430 25.0 1699
1764683460219 25.0 1709
1764683464869 25.0 1719
1764683469505 25.0 1729
1764683474135 25.0 1739
1764683476385 25.0 1741
1764683480127 26.0 1749
1764683484764 26.0 1759
1764683489394 26.0 1769
1764683494039 26.0 1779
1764683498682 26.0 1789
1764683503317 26.0 1799
1764683508835 26.0 1808
1764683509323 27.0 1809
1764683513993 27.0 1819
1764683518630 27.0 1829
1764683523400 27.0 1839
1764683528073 27.0 1849
1764683532787 27.0 1859
1764683537492 27.0 1869
1764683543330 27.0 1875
1764683545274 28.0 1879
1764683549948 28.0 1889
1764683554614 28.0 1899
1764683559327 28.0 1909
1764683564005 28.0 1919
1764683568711 28.0 1929
1764683573419 28.0 1939
1764683576093 28.0 1942
1764683579353 29.0 1949
1764683583988 29.0 1959
1764683588779 29.0 1969
1764683593436 29.0 1979
1764683598077 29.0 1989
1764683602737 29.0 1999
1764683607001 29.0 2009
1764683608707 29.0 2009
1764683613396 30.0 2019
1764683618044 30.0 2029
1764683622690 30.0 2039
1764683627346 30.0 2049
1764683631981 30.0 2059
1764683636632 30.0 2069
1764683641201 30.0 2076
1764683642619 31.0 2079
1764683647240 31.0 2089
1764683651874 31.0 2099
1764683656509 31.0 2109
1764683661145 31.0 2119
1764683665797 31.0 2129
1764683670422 31.0 2139
1764683673591 31.0 2143
1764683676405 32.0 2149
1764683681034 32.0 2159
1764683685679 32.0 2169
1764683690316 32.0 2179
1764683694968 32.0 2189
1764683699609 32.0 2199
1764683704238 32.0 2209
1764683706027 32.0 2210
1764683710230 33.0 2219
1764683714876 33.0 2229
1764683719520 33.0 2239
1764683724149 33.0 2249
1764683728917 33.0 2259
1764683733607 33.0 2269
1764683738660 33.0 2277
1764683739619 34.0 2279
1764683744411 34.0 2289
1764683749114 34.0 2299
1764683753840 34.0 2309
1764683758548 34.0 2319
1764683763187 34.0 2329
1764683767807 34.0 2339
1764683771480 34.0 2344
1764683773818 35.0 2349
1764683778452 35.0 2359
1764683783186 35.0 2369
1764683787918 35.0 2379
1764683792540 35.0 2389
1764683797159 35.0 2399
1764683801803 35.0 2409
1764683804047 35.0 2411
1764683807824 36.0 2419
1764683812454 36.0 2429
1764683817084 36.0 2439
1764683821724 36.0 2449
1764683826340 36.0 2459
1764683830966 36.0 2469
1764683836444 36.0 2478
