1764682628387 0.6630660891532898 9
1764682633080 0.7065326571464539 19
1764682637733 0.49577683210372925 29
1764682642389 0.41803476214408875 39
1764682647089 0.3346542716026306 49
1764682651752 0.5199087858200073 59
1764682658483 0.286157488822937 69
1764682663216 0.30930522084236145 79
1764682667889 0.2545916438102722 89
1764682673243 0.21613961458206177 99
1764682677994 0.23881687223911285 109
1764682682898 0.17311188578605652 119
1764682687601 0.23001228272914886 129
1764682693698 0.1533677726984024 139
1764682698397 0.20539189875125885 149
1764682703118 0.1404035985469818 159
1764682707876 0.17112484574317932 169
1764682712567 0.17741702497005463 179
1764682717224 0.12541668117046356 189
1764682721929 0.15866225957870483 199
1764682728021 0.09020384401082993 209
1764682732698 0.12666547298431396 219
1764682737364 0.19777773320674896 229
1764682742050 0.09743016958236694 239
1764682746742 0.08840334415435791 249
1764682751399 0.09811390191316605 259
1764682757413 0.09832439571619034 269
1764682762073 0.09208423644304276 279
1764682766895 0.08988325297832489 289
1764682771580 0.07755933701992035 299
1764682776224 0.09996958822011948 309
1764682780849 0.10324680805206299 319
1764682785494 0.10359597951173782 329
1764682791563 0.1010284274816513 339
1764682796232 0.07395763695240021 349
1764682800929 0.08002780377864838 359
1764682805568 0.06482362002134323 369
1764682810201 0.06508796662092209 379
1764682814890 0.06100903078913689 389
1764682819553 0.09908173978328705 399
1764682825510 0.0630786344408989 409
1764682830161 0.05990093573927879 419
1764682834803 0.059460174292325974 429
1764682839449 0.05210304260253906 439
1764682844130 0.07527291774749756 449
1764682848788 0.0996442437171936 459
1764682854846 0.20260509848594666 469
1764682859509 0.0696614533662796 479
1764682864169 0.0390997976064682 489
1764682868827 0.061159972101449966 499
1764682873480 0.08250269293785095 509
1764682878133 0.05033917725086212 519
1764682882775 0.06143134832382202 529
1764682888825 0.04003066197037697 539
1764682893464 0.15025939047336578 549
1764682898341 0.03999021649360657 559
1764682903035 0.056085214018821716 569
1764682907684 0.08900125324726105 579
1764682912330 0.04292215406894684 589
1764682916962 0.04830079525709152 599
1764682922973 0.045875515788793564 609
1764682927623 0.052205123007297516 619
1764682932280 0.051079731434583664 629
1764682936967 0.04424010589718819 639
1764682941640 0.028569083660840988 649
1764682946278 0.039863478392362595 659
1764682950579 0.1326262354850769 669
1764682956909 0.03933636099100113 679
1764682961550 0.03997168317437172 689
1764682966246 0.045996326953172684 699
1764682970926 0.031380798667669296 709
1764682975574 0.041412606835365295 719
1764682980229 0.039018452167510986 729
1764682986240 0.0727502629160881 739
1764682990887 0.11105217784643173 749
1764682995538 0.0431203730404377 759
1764683000178 0.08118963986635208 769
1764683004805 0.032422810792922974 779
1764683009469 0.0450897254049778 789
1764683014149 0.03966470807790756 799
1764683020155 0.048122793436050415 809
1764683024801 0.04740488529205322 819
1764683029476 0.03102230653166771 829
1764683034108 0.0594053715467453 839
1764683038788 0.06362593919038773 849
1764683043440 0.04029412567615509 859
1764683048151 0.03404519706964493 869
1764683054179 0.028824061155319214 879
1764683058837 0.030851468443870544 889
1764683063478 0.03575776889920235 899
1764683068101 0.03191607445478439 909
1764683072763 0.032335810363292694 919
1764683077376 0.05433771014213562 929
1764683083842 0.02666783332824707 939
1764683088636 0.04903218150138855 949
1764683093379 0.12980474531650543 959
1764683098055 0.026754409074783325 969
1764683102725 0.030331702902913094 979
1764683107372 0.07117299735546112 989
1764683112036 0.03498878329992294 999
1764683118330 0.0761803463101387 1009
1764683122999 0.06383881717920303 1019
1764683127691 0.052416685968637466 1029
1764683132323 0.07192842662334442 1039
1764683136986 0.031002843752503395 1049
1764683141642 0.08503430336713791 1059
1764683146299 0.12295173853635788 1069
1764683152265 0.12082025408744812 1079
1764683156904 0.04521118476986885 1089
1764683161559 0.04672514647245407 1099
1764683166264 0.06660962104797363 1109
1764683170969 0.029957406222820282 1119
1764683175989 0.05316707119345665 1129
1764683182032 0.10249748826026917 1139
1764683186708 0.0268697589635849 1149
1764683191374 0.03262598067522049 1159
1764683196002 0.029799357056617737 1169
1764683200683 0.111394003033638 1179
1764683205488 0.05972368270158768 1189
1764683210163 0.06022067740559578 1199
1764683216350 0.0464397668838501 1209
1764683221052 0.032273679971694946 1219
1764683225732 0.023671027272939682 1229
1764683230407 0.036604251712560654 1239
1764683235067 0.03264576941728592 1249
1764683239730 0.06418460607528687 1259
1764683244362 0.07217129319906235 1269
1764683250425 0.03495754301548004 1279
1764683255079 0.044137876480817795 1289
1764683260103 0.02451394498348236 1299
1764683264862 0.018293166533112526 1309
1764683269666 0.04268093779683113 1319
1764683274330 0.040050897747278214 1329
1764683278622 0.03356427699327469 1339
1764683284966 0.06703981757164001 1349
1764683289686 0.021939605474472046 1359
1764683294395 0.030873218551278114 1369
1764683299048 0.041299983859062195 1379
1764683303690 0.08718656748533249 1389
1764683308340 0.05855957418680191 1399
1764683314478 0.03437690809369087 1409
1764683319184 0.01951642893254757 1419
1764683323829 0.02469560131430626 1429
1764683328532 0.19913968443870544 1439
1764683333210 0.01977226696908474 1449
1764683337893 0.024967199191451073 1459
1764683342581 0.016696326434612274 1469
1764683348588 0.03684467449784279 1479
1764683353288 0.021749716252088547 1489
1764683357928 0.05904814973473549 1499
1764683362636 0.021800372749567032 1509
1764683367281 0.0367775484919548 1519
1764683371930 0.03104327991604805 1529
1764683376584 0.022667232900857925 1539
1764683382638 0.04874631389975548 1549
1764683387278 0.02249043807387352 1559
1764683391935 0.046060796827077866 1569
1764683396572 0.022740943357348442 1579
1764683401185 0.14053967595100403 1589
1764683405809 0.02926476113498211 1599
1764683411897 0.06127579137682915 1609
1764683416544 0.03211659938097 1619
1764683421342 0.029034869745373726 1629
1764683426071 0.03694883733987808 1639
1764683430832 0.02826034463942051 1649
1764683435573 0.037942420691251755 1659
1764683440244 0.029940446838736534 1669
1764683446206 0.041035134345293045 1679
1764683450811 0.03178253397345543 1689
1764683455430 0.018252883106470108 1699
1764683460219 0.028638362884521484 1709
1764683464869 0.054159022867679596 1719
1764683469505 0.03554065525531769 1729
1764683474135 0.031191030517220497 1739
1764683480127 0.04737439006567001 1749
1764683484764 0.020905854180455208 1759
1764683489394 0.026511209085583687 1769
1764683494039 0.031165573745965958 1779
1764683498682 0.03845980763435364 1789
1764683503317 0.04116060957312584 1799
1764683509323 0.026195457205176353 1809
1764683513993 0.024547873064875603 1819
1764683518630 0.03058719076216221 1829
1764683523400 0.020732760429382324 1839
1764683528073 0.08012108504772186 1849
1764683532787 0.01913560926914215 1859
1764683537492 0.01640208438038826 1869
1764683545274 0.02887210063636303 1879
1764683549948 0.039940111339092255 1889
1764683554614 0.022792566567659378 1899
1764683559327 0.05917251482605934 1909
1764683564005 0.017128027975559235 1919
1764683568711 0.03194057196378708 1929
1764683573419 0.04171886295080185 1939
1764683579353 0.03451287001371384 1949
1764683583988 0.027363214641809464 1959
1764683588779 0.0198813583701849 1969
1764683593436 0.0711023136973381 1979
1764683598077 0.049052413552999496 1989
1764683602737 0.0329725556075573 1999
1764683607001 0.13068820536136627 2009
1764683613396 0.07360156625509262 2019
1764683618044 0.026997366920113564 2029
1764683622690 0.030958142131567 2039
1764683627346 0.05219823122024536 2049
1764683631981 0.049759428948163986 2059
1764683636632 0.057791486382484436 2069
1764683642619 0.03995345160365105 2079
1764683647240 0.027609989047050476 2089
1764683651874 0.04620354622602463 2099
1764683656509 0.0378791019320488 2109
1764683661145 0.024869432672858238 2119
1764683665797 0.029181040823459625 2129
1764683670422 0.037101346999406815 2139
1764683676405 0.028337448835372925 2149
1764683681034 0.02202763594686985 2159
1764683685679 0.029064981266856194 2169
1764683690316 0.03521476686000824 2179
1764683694968 0.031440261751413345 2189
1764683699609 0.03621198609471321 2199
1764683704238 0.02531534619629383 2209
1764683710230 0.025405801832675934 2219
1764683714876 0.025581512600183487 2229
1764683719520 0.02649913728237152 2239
1764683724149 0.027476774528622627 2249
1764683728917 0.040291592478752136 2259
1764683733607 0.017772190272808075 2269
1764683739619 0.04097011685371399 2279
1764683744411 0.02581094577908516 2289
1764683749114 0.020997419953346252 2299
1764683753840 0.06022428348660469 2309
1764683758548 0.051523976027965546 2319
1764683763187 0.020960574969649315 2329
1764683767807 0.05464618653059006 2339
1764683773818 0.03352735564112663 2349
1764683778452 0.06227472797036171 2359
1764683783186 0.04391895979642868 2369
1764683787918 0.052694905549287796 2379
1764683792540 0.05738864839076996 2389
1764683797159 0.022687966004014015 2399
1764683801803 0.039509862661361694 2409
1764683807824 0.03637251630425453 2419
1764683812454 0.06622427701950073 2429
1764683817084 0.03515782207250595 2439
1764683821724 0.027706941589713097 2449
1764683826340 0.014252057299017906 2459
1764683830966 0.023522481322288513 2469
