1764337645520 0.0 9
1764337648162 0.0 19
1764337650800 0.0 29
1764337653429 0.0 39
1764337655673 0.0 43
1764337658326 1.0 49
1764337660972 1.0 59
1764337663591 1.0 69
1764337666264 1.0 79
1764337669001 1.0 87
1764337670904 2.0 89
1764337673535 2.0 99
1764337676168 2.0 109
1764337678824 2.0 119
1764337681843 2.0 129
1764337682980 2.0 131
1764337685981 3.0 139
1764337688635 3.0 149
1764337691257 3.0 159
1764337693886 3.0 169
1764337696169 3.0 175
1764337698005 4.0 179
1764337700638 4.0 189
1764337703267 4.0 199
1764337705870 4.0 209
1764337708491 4.0 219
1764337709146 4.0 219
1764337712664 5.0 229
1764337715282 5.0 239
1764337717892 5.0 249
1764337720523 5.0 259
1764337722214 5.0 263
1764337724512 6.0 269
1764337727162 6.0 279
1764337729825 6.0 289
1764337732487 6.0 299
1764337735243 6.0 307
1764337736620 7.0 309
1764337739251 7.0 319
1764337741955 7.0 329
1764337744581 7.0 339
1764337747211 7.0 349
1764337748364 7.0 351
1764337751446 8.0 359
1764337754096 8.0 369
1764337756744 8.0 379
1764337759366 8.0 389
1764337761602 8.0 395
1764337763360 9.0 399
1764337765969 9.0 409
1764337768600 9.0 419
1764337771240 9.0 429
1764337773884 9.0 439
1764337774557 9.0 439
1764337777997 10.0 449
1764337780630 10.0 459
1764337783264 10.0 469
1764337785909 10.0 479
1764337787590 10.0 483
1764337789903 11.0 489
1764337792528 11.0 499
1764337795160 11.0 509
1764337797791 11.0 519
1764337800558 11.0 527
1764337801812 12.0 529
1764337804442 12.0 539
1764337807051 12.0 549
1764337809687 12.0 559
1764337812333 12.0 569
1764337813433 12.0 571
1764337816363 13.0 579
1764337818995 13.0 589
1764337821629 13.0 599
1764337824252 13.0 609
1764337826447 13.0 615
1764337828489 14.0 619
1764337831127 14.0 629
1764337833753 14.0 639
1764337836385 14.0 649
1764337839001 14.0 659
1764337839654 14.0 659
1764337843185 15.0 669
1764337845848 15.0 679
1764337848488 15.0 689
1764337851120 15.0 699
1764337852783 15.0 703
1764337855248 16.0 709
1764337857879 16.0 719
1764337860515 16.0 729
1764337863143 16.0 739
1764337865882 16.0 747
1764337867323 17.0 749
1764337869967 17.0 759
1764337872608 17.0 769
1764337875252 17.0 779
1764337877904 17.0 789
1764337879104 17.0 791
1764337881974 18.0 799
1764337884593 18.0 809
1764337887231 18.0 819
1764337889859 18.0 829
1764337892103 18.0 835
1764337894075 19.0 839
1764337896708 19.0 849
1764337899327 19.0 859
1764337901951 19.0 869
1764337904514 19.0 879
1764337905164 19.0 879
