1764337645520 0.696743369102478 9
1764337648162 0.5893458724021912 19
1764337650800 0.4203188419342041 29
1764337653429 0.35920101404190063 39
1764337658326 0.3260120153427124 49
1764337660972 0.256965696811676 59
1764337663591 0.2563626766204834 69
1764337666264 0.2612866759300232 79
1764337670904 0.17242644727230072 89
1764337673535 0.18698742985725403 99
1764337676168 0.16716210544109344 109
1764337678824 0.17483645677566528 119
1764337681843 0.13634070754051208 129
1764337685981 0.12933984398841858 139
1764337688635 0.12212758511304855 149
1764337691257 0.1314488649368286 159
1764337693886 0.09303649514913559 169
1764337698005 0.09109389036893845 179
1764337700638 0.08523854613304138 189
1764337703267 0.07964833825826645 199
1764337705870 0.07999968528747559 209
1764337708491 0.07231000810861588 219
1764337712664 0.06730788946151733 229
1764337715282 0.06651118397712708 239
1764337717892 0.07785497605800629 249
1764337720523 0.07395026087760925 259
1764337724512 0.05305660888552666 269
1764337727162 0.07256635278463364 279
1764337729825 0.06137964874505997 289
1764337732487 0.059508875012397766 299
1764337736620 0.06347515434026718 309
1764337739251 0.07025595754384995 319
1764337741955 0.04817371815443039 329
1764337744581 0.04900983348488808 339
1764337747211 0.048826828598976135 349
1764337751446 0.04689495265483856 359
1764337754096 0.05394155904650688 369
1764337756744 0.03994873911142349 379
1764337759366 0.055891815572977066 389
1764337763360 0.04867821931838989 399
1764337765969 0.04575609043240547 409
1764337768600 0.052349917590618134 419
1764337771240 0.045854054391384125 429
1764337773884 0.039737652987241745 439
1764337777997 0.049521513283252716 449
1764337780630 0.045935653150081635 459
1764337783264 0.04086865857243538 469
1764337785909 0.03639072924852371 479
1764337789903 0.034489091485738754 489
1764337792528 0.03502766042947769 499
1764337795160 0.0392228402197361 509
1764337797791 0.04404162988066673 519
1764337801812 0.04022448509931564 529
1764337804442 0.0388384610414505 539
1764337807051 0.04013954475522041 549
1764337809687 0.041122835129499435 559
1764337812333 0.03347576782107353 569
1764337816363 0.03407847508788109 579
1764337818995 0.03341691941022873 589
1764337821629 0.05644149333238602 599
1764337824252 0.036378901451826096 609
1764337828489 0.03466423973441124 619
1764337831127 0.031455107033252716 629
1764337833753 0.0315716378390789 639
1764337836385 0.04785629361867905 649
1764337839001 0.03269282355904579 659
1764337843185 0.034210387617349625 669
1764337845848 0.02815699204802513 679
1764337848488 0.04493201524019241 689
1764337851120 0.03932325914502144 699
1764337855248 0.03090507537126541 709
1764337857879 0.035483382642269135 719
1764337860515 0.03367369994521141 729
1764337863143 0.07148280739784241 739
1764337867323 0.04682566598057747 749
1764337869967 0.03157738223671913 759
1764337872608 0.04574926570057869 769
1764337875252 0.031236547976732254 779
1764337877904 0.07889040559530258 789
1764337881974 0.029805678874254227 799
1764337884593 0.03840867802500725 809
1764337887231 0.027258561924099922 819
1764337889859 0.046042487025260925 829
1764337894075 0.04270482808351517 839
1764337896708 0.032944582402706146 849
1764337899327 0.05046452581882477 859
1764337901951 0.046351008117198944 869
1764337904514 0.07963044196367264 879
