1764054796463 0.0 9
1764054799266 0.0 19
1764054802011 0.0 29
1764054805196 0.0 39
1764054809176 0.0 49
1764054810315 0.0 49
1764054815162 1.0 59
1764054817935 1.0 69
1764054823401 1.0 79
1764054827985 1.0 89
1764054831255 1.0 99
1764054832485 1.0 99
1764054838490 2.0 109
1764054843596 2.0 119
1764054849378 2.0 129
1764054853722 2.0 139
1764054858019 2.0 149
1764054859317 2.0 149
1764054865138 3.0 159
1764054871704 3.0 169
1764054877713 3.0 179
1764054882459 3.0 189
1764054886343 3.0 199
1764054887727 3.0 199
1764054895348 4.0 209
1764054902532 4.0 219
1764054908302 4.0 229
1764054913638 4.0 239
1764054917674 4.0 249
1764054919381 4.0 249
1764054925837 5.0 259
1764054933267 5.0 269
1764054939925 5.0 279
1764054944475 5.0 289
1764054950015 5.0 299
1764054951395 5.0 299
1764054958210 6.0 309
1764054967660 6.0 319
1764054974942 6.0 329
1764054979353 6.0 339
1764054984495 6.0 349
1764054986084 6.0 349
1764054992126 7.0 359
1764055000571 7.0 369
1764055007826 7.0 379
1764055012814 7.0 389
1764055017953 7.0 399
1764055019540 7.0 399
1764055028644 8.0 409
1764055035399 8.0 419
1764055041570 8.0 429
1764055046608 8.0 439
1764055051443 8.0 449
1764055052979 8.0 449
1764055061015 9.0 459
1764055068534 9.0 469
1764055075021 9.0 479
1764055080915 9.0 489
1764055085995 9.0 499
1764055087444 9.0 499
1764055097181 10.0 509
1764055104771 10.0 519
1764055110479 10.0 529
1764055115884 10.0 539
1764055120691 10.0 549
1764055122637 10.0 549
1764055131401 11.0 559
1764055139465 11.0 569
1764055145513 11.0 579
1764055150947 11.0 589
1764055155917 11.0 599
1764055157570 11.0 599
1764055165596 12.0 609
1764055174174 12.0 619
1764055181138 12.0 629
1764055186274 12.0 639
1764055191830 12.0 649
1764055193499 12.0 649
1764055199762 13.0 659
1764055210006 13.0 669
1764055217072 13.0 679
1764055222045 13.0 689
1764055227479 13.0 699
1764055229127 13.0 699
1764055236172 14.0 709
1764055246033 14.0 719
1764055253062 14.0 729
1764055258200 14.0 739
1764055263356 14.0 749
1764055265015 14.0 749
1764055274535 15.0 759
1764055282400 15.0 769
1764055289006 15.0 779
1764055294202 15.0 789
1764055299556 15.0 799
1764055301156 15.0 799
1764055309386 16.0 809
1764055318043 16.0 819
1764055324741 16.0 829
1764055329909 16.0 839
1764055335122 16.0 849
1764055336670 16.0 849
1764055345085 17.0 859
1764055352897 17.0 869
1764055359605 17.0 879
1764055365054 17.0 889
1764055370361 17.0 899
1764055372232 17.0 899
1764055381836 18.0 909
1764055390041 18.0 919
1764055397487 18.0 929
1764055402953 18.0 939
1764055408522 18.0 949
1764055410230 18.0 949
1764055419580 19.0 959
1764055427960 19.0 969
1764055434578 19.0 979
1764055439688 19.0 989
1764055445210 19.0 999
1764055446819 19.0 999
1764055456223 20.0 1009
1764055463901 20.0 1019
1764055470698 20.0 1029
1764055476229 20.0 1039
1764055481571 20.0 1049
1764055483311 20.0 1049
1764055493317 21.0 1059
1764055501638 21.0 1069
1764055508802 21.0 1079
1764055514219 21.0 1089
1764055520126 21.0 1099
1764055521912 21.0 1099
1764055531103 22.0 1109
1764055540218 22.0 1119
1764055546897 22.0 1129
1764055553231 22.0 1139
1764055558504 22.0 1149
1764055560989 22.0 1149
1764055570626 23.0 1159
1764055578573 23.0 1169
1764055585803 23.0 1179
1764055591218 23.0 1189
1764055597010 23.0 1199
1764055598994 23.0 1199
1764055609630 24.0 1209
1764055617478 24.0 1219
1764055623976 24.0 1229
1764055630811 24.0 1239
1764055637011 24.0 1249
1764055639133 24.0 1249
1764055649349 25.0 1259
1764055658306 25.0 1269
1764055665481 25.0 1279
1764055672624 25.0 1289
1764055679403 25.0 1299
1764055681597 25.0 1299
1764055692347 26.0 1309
1764055702269 26.0 1319
1764055710353 26.0 1329
1764055717549 26.0 1339
1764055724135 26.0 1349
1764055726901 26.0 1349
1764055737829 27.0 1359
1764055747735 27.0 1369
1764055755954 27.0 1379
1764055763390 27.0 1389
1764055770221 27.0 1399
1764055773229 27.0 1399
1764055784302 28.0 1409
1764055793400 28.0 1419
1764055801247 28.0 1429
1764055809094 28.0 1439
1764055816228 28.0 1449
1764055818466 28.0 1449
1764055830701 29.0 1459
1764055841089 29.0 1469
1764055848202 29.0 1479
1764055855595 29.0 1489
1764055862216 29.0 1499
1764055865179 29.0 1499
1764055876182 30.0 1509
1764055886287 30.0 1519
1764055893747 30.0 1529
1764055901182 30.0 1539
1764055907769 30.0 1549
1764055910704 30.0 1549
1764055921631 31.0 1559
1764055931957 31.0 1569
1764055939316 31.0 1579
1764055947601 31.0 1589
1764055954488 31.0 1599
1764055957394 31.0 1599
1764055968789 32.0 1609
1764055979134 32.0 1619
1764055986822 32.0 1629
1764055995780 32.0 1639
1764056002743 32.0 1649
1764056005656 32.0 1649
1764056016539 33.0 1659
1764056027482 33.0 1669
1764056035156 33.0 1679
1764056042490 33.0 1689
1764056049639 33.0 1699
1764056052788 33.0 1699
1764056063537 34.0 1709
1764056073489 34.0 1719
1764056081184 34.0 1729
1764056088778 34.0 1739
1764056095751 34.0 1749
1764056099205 34.0 1749
1764056110237 35.0 1759
1764056120887 35.0 1769
1764056128234 35.0 1779
1764056135785 35.0 1789
1764056142784 35.0 1799
1764056145633 35.0 1799
1764056157055 36.0 1809
1764056167524 36.0 1819
1764056175162 36.0 1829
1764056182878 36.0 1839
1764056190128 36.0 1849
1764056192959 36.0 1849
1764056204011 37.0 1859
1764056214156 37.0 1869
1764056222521 37.0 1879
1764056230222 37.0 1889
1764056237205 37.0 1899
1764056240254 37.0 1899
1764056251581 38.0 1909
1764056262192 38.0 1919
1764056270392 38.0 1929
1764056278050 38.0 1939
1764056285707 38.0 1949
1764056288384 38.0 1949
1764056299405 39.0 1959
1764056309818 39.0 1969
1764056318175 39.0 1979
1764056325873 39.0 1989
1764056332955 39.0 1999
1764056335644 39.0 1999
1764056346890 40.0 2009
1764056356588 40.0 2019
1764056364557 40.0 2029
1764056372623 40.0 2039
1764056380141 40.0 2049
1764056383208 40.0 2049
1764056394324 41.0 2059
1764056405140 41.0 2069
1764056413254 41.0 2079
1764056420705 41.0 2089
1764056427401 41.0 2099
1764056430268 41.0 2099
1764056441576 42.0 2109
1764056452085 42.0 2119
1764056459871 42.0 2129
1764056467459 42.0 2139
1764056474450 42.0 2149
1764056477723 42.0 2149
1764056488798 43.0 2159
1764056498856 43.0 2169
1764056507101 43.0 2179
1764056515217 43.0 2189
1764056522990 43.0 2199
1764056526326 43.0 2199
1764056537399 44.0 2209
1764056547737 44.0 2219
1764056555629 44.0 2229
1764056563434 44.0 2239
1764056570634 44.0 2249
1764056573693 44.0 2249
1764056585088 45.0 2259
1764056596738 45.0 2269
1764056604906 45.0 2279
1764056613233 45.0 2289
1764056620277 45.0 2299
1764056622988 45.0 2299
1764056634160 46.0 2309
1764056645859 46.0 2319
1764056653582 46.0 2329
1764056661151 46.0 2339
1764056668022 46.0 2349
1764056670617 46.0 2349
1764056681693 47.0 2359
1764056692226 47.0 2369
1764056699725 47.0 2379
1764056707494 47.0 2389
1764056714391 47.0 2399
1764056717381 47.0 2399
1764056728460 48.0 2409
1764056739303 48.0 2419
1764056747179 48.0 2429
1764056754632 48.0 2439
1764056761527 48.0 2449
1764056764312 48.0 2449
1764056775720 49.0 2459
1764056786701 49.0 2469
1764056794385 49.0 2479
1764056802081 49.0 2489
1764056809017 49.0 2499
1764056811575 49.0 2499
1764056822481 50.0 2509
1764056831987 50.0 2519
1764056841234 50.0 2529
1764056849165 50.0 2539
1764056856340 50.0 2549
1764056859542 50.0 2549
1764056870546 51.0 2559
1764056880538 51.0 2569
1764056888774 51.0 2579
1764056897490 51.0 2589
1764056904659 51.0 2599
1764056907359 51.0 2599
1764056918690 52.0 2609
1764056930259 52.0 2619
1764056938534 52.0 2629
1764056946528 52.0 2639
1764056953767 52.0 2649
1764056956684 52.0 2649
1764056968128 53.0 2659
1764056979973 53.0 2669
1764056987936 53.0 2679
1764056995925 53.0 2689
1764057002968 53.0 2699
1764057005707 53.0 2699
1764057017359 54.0 2709
1764057029090 54.0 2719
1764057037352 54.0 2729
1764057045488 54.0 2739
1764057052848 54.0 2749
1764057055725 54.0 2749
1764057067878 55.0 2759
1764057079528 55.0 2769
1764057087643 55.0 2779
1764057095880 55.0 2789
1764057102980 55.0 2799
1764057105388 55.0 2799
1764057117267 56.0 2809
1764057128822 56.0 2819
1764057136574 56.0 2829
1764057144800 56.0 2839
1764057152174 56.0 2849
1764057154946 56.0 2849
1764057166651 57.0 2859
1764057178053 57.0 2869
1764057186032 57.0 2879
1764057194215 57.0 2889
1764057202324 57.0 2899
1764057205681 57.0 2899
1764057217461 58.0 2909
1764057229648 58.0 2919
1764057239097 58.0 2929
1764057250874 58.0 2939
1764057258095 58.0 2949
1764057260639 58.0 2949
1764057272571 59.0 2959
1764057282270 59.0 2969
1764057290797 59.0 2979
1764057299108 59.0 2989
1764057307276 59.0 2999
1764057310298 59.0 2999
1764057323433 60.0 3009
1764057334032 60.0 3019
1764057342035 60.0 3029
1764057349587 60.0 3039
1764057356601 60.0 3049
1764057359018 60.0 3049
1764057371013 61.0 3059
1764057382299 61.0 3069
1764057390309 61.0 3079
1764057398740 61.0 3089
1764057405846 61.0 3099
1764057408399 61.0 3099
1764057419773 62.0 3109
1764057430346 62.0 3119
1764057438190 62.0 3129
1764057446076 62.0 3139
1764057453226 62.0 3149
1764057456603 62.0 3149
1764057467587 63.0 3159
1764057477393 63.0 3169
1764057485644 63.0 3179
1764057493692 63.0 3189
1764057500602 63.0 3199
1764057503504 63.0 3199
1764057514762 64.0 3209
1764057524497 64.0 3219
1764057532332 64.0 3229
1764057540271 64.0 3239
1764057547779 64.0 3249
1764057551198 64.0 3249
1764057563677 65.0 3259
1764057574679 65.0 3269
1764057582588 65.0 3279
1764057590267 65.0 3289
1764057597405 65.0 3299
1764057600025 65.0 3299
1764057612121 66.0 3309
1764057623377 66.0 3319
1764057631801 66.0 3329
1764057639659 66.0 3339
1764057646701 66.0 3349
1764057649425 66.0 3349
1764057661708 67.0 3359
1764057672843 67.0 3369
1764057680787 67.0 3379
1764057688809 67.0 3389
1764057695876 67.0 3399
1764057698671 67.0 3399
1764057710391 68.0 3409
1764057721472 68.0 3419
1764057729654 68.0 3429
1764057737488 68.0 3439
1764057744411 68.0 3449
1764057746822 68.0 3449
1764057757845 69.0 3459
1764057768675 69.0 3469
1764057776339 69.0 3479
1764057784357 69.0 3489
1764057795155 69.0 3499
1764057798086 69.0 3499
1764057809512 70.0 3509
1764057820337 70.0 3519
1764057828825 70.0 3529
1764057836491 70.0 3539
1764057843452 70.0 3549
1764057846094 70.0 3549
1764057857677 71.0 3559
1764057868757 71.0 3569
1764057876889 71.0 3579
1764057885143 71.0 3589
1764057892304 71.0 3599
1764057895091 71.0 3599
1764057906578 72.0 3609
1764057917434 72.0 3619
1764057925923 72.0 3629
1764057934244 72.0 3639
1764057941705 72.0 3649
1764057945240 72.0 3649
1764057956914 73.0 3659
1764057969060 73.0 3669
1764057977848 73.0 3679
1764057985964 73.0 3689
1764057993481 73.0 3699
1764057995964 73.0 3699
1764058007348 74.0 3709
1764058019593 74.0 3719
1764058027587 74.0 3729
1764058035518 74.0 3739
1764058042713 74.0 3749
1764058045542 74.0 3749
1764058056740 75.0 3759
1764058068258 75.0 3769
1764058075998 75.0 3779
1764058083655 75.0 3789
1764058090682 75.0 3799
1764058093348 75.0 3799
1764058104542 76.0 3809
1764058115918 76.0 3819
1764058123933 76.0 3829
1764058131974 76.0 3839
1764058139502 76.0 3849
1764058142337 76.0 3849
1764058153264 77.0 3859
1764058164638 77.0 3869
1764058172888 77.0 3879
1764058180989 77.0 3889
1764058188129 77.0 3899
1764058190969 77.0 3899
1764058202390 78.0 3909
1764058214333 78.0 3919
1764058222687 78.0 3929
1764058230711 78.0 3939
1764058238259 78.0 3949
1764058240739 78.0 3949
1764058252485 79.0 3959
1764058264070 79.0 3969
1764058273074 79.0 3979
1764058282028 79.0 3989
1764058289626 79.0 3999
1764058292010 79.0 3999
