1764054796463 0.6906135082244873 9
1764054799266 0.5823744535446167 19
1764054802011 0.609682559967041 29
1764054805196 0.5292974710464478 39
1764054809176 0.5433302521705627 49
1764054815162 0.31494736671447754 59
1764054817935 0.4481048882007599 69
1764054823401 0.3089609146118164 79
1764054827985 0.3054947853088379 89
1764054831255 0.1617104858160019 99
1764054838490 0.18500769138336182 109
1764054843596 0.19585470855236053 119
1764054849378 0.15283966064453125 129
1764054853722 0.1629204899072647 139
1764054858019 0.3881652355194092 149
1764054865138 0.2687891125679016 159
1764054871704 0.10384836047887802 169
1764054877713 0.12254500389099121 179
1764054882459 0.10487137734889984 189
1764054886343 0.30822163820266724 199
1764054895348 0.12202194333076477 209
1764054902532 0.07637627422809601 219
1764054908302 0.11761102080345154 229
1764054913638 0.12591738998889923 239
1764054917674 0.30597367882728577 249
1764054925837 0.08257530629634857 259
1764054933267 0.07361460477113724 269
1764054939925 0.07614748179912567 279
1764054944475 0.0664946511387825 289
1764054950015 0.09755037724971771 299
1764054958210 0.07290073484182358 309
1764054967660 0.05686183273792267 319
1764054974942 0.06336081027984619 329
1764054979353 0.06601054221391678 339
1764054984495 0.2921087145805359 349
1764054992126 0.09438107907772064 359
1764055000571 0.058968350291252136 369
1764055007826 0.08850224316120148 379
1764055012814 0.061365239322185516 389
1764055017953 0.11016187071800232 399
1764055028644 0.05118868872523308 409
1764055035399 0.05645999312400818 419
1764055041570 0.0646032840013504 429
1764055046608 0.07824060320854187 439
1764055051443 0.42931443452835083 449
1764055061015 0.06873521953821182 459
1764055068534 0.06350361555814743 469
1764055075021 0.135646790266037 479
1764055080915 0.06676347553730011 489
1764055085995 0.08596692979335785 499
1764055097181 0.08561954647302628 509
1764055104771 0.06798076629638672 519
1764055110479 0.05010901018977165 529
1764055115884 0.05731181055307388 539
1764055120691 0.12490034848451614 549
1764055131401 0.046758733689785004 559
1764055139465 0.0703219622373581 569
1764055145513 0.0646183043718338 579
1764055150947 0.04162297397851944 589
1764055155917 0.11918491125106812 599
1764055165596 0.04692983999848366 609
1764055174174 0.04395700618624687 619
1764055181138 0.04920898377895355 629
1764055186274 0.04396461695432663 639
1764055191830 0.25010955333709717 649
1764055199762 0.0484488308429718 659
1764055210006 0.04617643728852272 669
1764055217072 0.03556615859270096 679
1764055222045 0.035170745104551315 689
1764055227479 0.10259251296520233 699
1764055236172 0.03629549592733383 709
1764055246033 0.04510336369276047 719
1764055253062 0.03422875702381134 729
1764055258200 0.03663026541471481 739
1764055263356 0.35402217507362366 749
1764055274535 0.069123774766922 759
1764055282400 0.038605473935604095 769
1764055289006 0.21334204077720642 779
1764055294202 0.0495510995388031 789
1764055299556 0.269866406917572 799
1764055309386 0.0534367635846138 809
1764055318043 0.038234643638134 819
1764055324741 0.04059072211384773 829
1764055329909 0.047784604132175446 839
1764055335122 0.30344730615615845 849
1764055345085 0.06711360812187195 859
1764055352897 0.042662739753723145 869
1764055359605 0.04409761726856232 879
1764055365054 0.05685560032725334 889
1764055370361 0.300994873046875 899
1764055381836 0.12481136620044708 909
1764055390041 0.04442815110087395 919
1764055397487 0.06124670058488846 929
1764055402953 0.06094534695148468 939
1764055408522 0.1239718347787857 949
1764055419580 0.039823953062295914 959
1764055427960 0.03005899302661419 969
1764055434578 0.05592149496078491 979
1764055439688 0.048035211861133575 989
1764055445210 0.8433048725128174 999
1764055456223 0.043020930141210556 1009
1764055463901 0.034323643893003464 1019
1764055470698 0.037501074373722076 1029
1764055476229 0.03651779890060425 1039
1764055481571 0.7327307462692261 1049
1764055493317 0.08559636026620865 1059
1764055501638 0.09620292484760284 1069
1764055508802 0.10849989205598831 1079
1764055514219 0.03814581409096718 1089
1764055520126 0.972999632358551 1099
1764055531103 0.06614837050437927 1109
1764055540218 0.05011744797229767 1119
1764055546897 0.05049184709787369 1129
1764055553231 0.04406794160604477 1139
1764055558504 0.5512347221374512 1149
1764055570626 0.03898675739765167 1159
1764055578573 0.033264923840761185 1169
1764055585803 0.04042273014783859 1179
1764055591218 0.03537512943148613 1189
1764055597010 0.21853139996528625 1199
1764055609630 0.054778993129730225 1209
1764055617478 0.0829700231552124 1219
1764055623976 0.053787827491760254 1229
1764055630811 0.04427900165319443 1239
1764055637011 0.15331768989562988 1249
1764055649349 0.035566747188568115 1259
1764055658306 0.039413727819919586 1269
1764055665481 0.033229220658540726 1279
1764055672624 0.03325831890106201 1289
1764055679403 0.05439682677388191 1299
1764055692347 0.0378069207072258 1309
1764055702269 0.03381740301847458 1319
1764055710353 0.060817644000053406 1329
1764055717549 0.040936678647994995 1339
1764055724135 0.1890472173690796 1349
1764055737829 0.03488711267709732 1359
1764055747735 0.03102152794599533 1369
1764055755954 0.04117172583937645 1379
1764055763390 0.030153628438711166 1389
1764055770221 0.10828623175621033 1399
1764055784302 0.026554187759757042 1409
1764055793400 0.031890615820884705 1419
1764055801247 0.037153325974941254 1429
1764055809094 0.03245859593153 1439
1764055816228 0.16356709599494934 1449
1764055830701 0.04008618742227554 1459
1764055841089 0.027623064815998077 1469
1764055848202 0.034505363553762436 1479
1764055855595 0.029146086424589157 1489
1764055862216 0.09107464551925659 1499
1764055876182 0.03337790444493294 1509
1764055886287 0.02483610436320305 1519
1764055893747 0.055476248264312744 1529
1764055901182 0.023586513474583626 1539
1764055907769 0.09448391944169998 1549
1764055921631 0.026010816916823387 1559
1764055931957 0.029294975101947784 1569
1764055939316 0.0283467099070549 1579
1764055947601 0.04096841439604759 1589
1764055954488 0.06312757730484009 1599
1764055968789 0.02636195719242096 1609
1764055979134 0.026289645582437515 1619
1764055986822 0.03537008538842201 1629
1764055995780 0.02885087952017784 1639
1764056002743 0.1211233139038086 1649
1764056016539 0.03184480965137482 1659
1764056027482 0.04223278537392616 1669
1764056035156 0.02797900326550007 1679
1764056042490 0.026435039937496185 1689
1764056049639 0.3582274317741394 1699
1764056063537 0.0794055238366127 1709
1764056073489 0.05116898566484451 1719
1764056081184 0.054021116346120834 1729
1764056088778 0.0480801984667778 1739
1764056095751 0.1845652163028717 1749
1764056110237 0.036290813237428665 1759
1764056120887 0.04594884812831879 1769
1764056128234 0.040162310004234314 1779
1764056135785 0.05340876430273056 1789
1764056142784 0.15248644351959229 1799
1764056157055 0.03834342956542969 1809
1764056167524 0.03425680100917816 1819
1764056175162 0.031369976699352264 1829
1764056182878 0.027368374168872833 1839
1764056190128 0.09293676167726517 1849
1764056204011 0.023353826254606247 1859
1764056214156 0.03029223158955574 1869
1764056222521 0.025969022884964943 1879
1764056230222 0.10313551127910614 1889
1764056237205 0.13972625136375427 1899
1764056251581 0.02601165510714054 1909
1764056262192 0.030428946018218994 1919
1764056270392 0.023591317236423492 1929
1764056278050 0.03438445180654526 1939
1764056285707 0.11573554575443268 1949
1764056299405 0.035921674221754074 1959
1764056309818 0.02973479963839054 1969
1764056318175 0.029212769120931625 1979
1764056325873 0.03773201256990433 1989
1764056332955 0.04089372232556343 1999
1764056346890 0.028176726773381233 2009
1764056356588 0.02356911450624466 2019
1764056364557 0.03518710285425186 2029
1764056372623 0.022373691201210022 2039
1764056380141 0.0870458260178566 2049
1764056394324 0.03485064208507538 2059
1764056405140 0.029630132019519806 2069
1764056413254 0.029820991680026054 2079
1764056420705 0.038633059710264206 2089
1764056427401 0.07899877429008484 2099
1764056441576 0.024693097919225693 2109
1764056452085 0.02342948690056801 2119
1764056459871 0.03786042705178261 2129
1764056467459 0.024159323424100876 2139
1764056474450 0.11756697297096252 2149
1764056488798 0.025825565680861473 2159
1764056498856 0.027862681075930595 2169
1764056507101 0.024641580879688263 2179
1764056515217 0.020703930407762527 2189
1764056522990 0.10383577644824982 2199
1764056537399 0.03305112570524216 2209
1764056547737 0.024915656074881554 2219
1764056555629 0.025478072464466095 2229
1764056563434 0.024627644568681717 2239
1764056570634 0.07119030505418777 2249
1764056585088 0.08544661104679108 2259
1764056596738 0.019822701811790466 2269
1764056604906 0.02387060411274433 2279
1764056613233 0.02156035602092743 2289
1764056620277 0.09299993515014648 2299
1764056634160 0.027623578906059265 2309
1764056645859 0.030003119260072708 2319
1764056653582 0.030875274911522865 2329
1764056661151 0.02205120399594307 2339
1764056668022 0.04075542092323303 2349
1764056681693 0.02292693592607975 2359
1764056692226 0.03159727156162262 2369
1764056699725 0.0266762375831604 2379
1764056707494 0.02513602375984192 2389
1764056714391 0.054618872702121735 2399
1764056728460 0.02293343096971512 2409
1764056739303 0.021279655396938324 2419
1764056747179 0.026443656533956528 2429
1764056754632 0.027004722505807877 2439
1764056761527 0.10501977056264877 2449
1764056775720 0.03931092098355293 2459
1764056786701 0.03901614248752594 2469
1764056794385 0.024691391736268997 2479
1764056802081 0.023492999374866486 2489
1764056809017 0.13395577669143677 2499
1764056822481 0.025852762162685394 2509
1764056831987 0.023804008960723877 2519
1764056841234 0.03211761265993118 2529
1764056849165 0.025744270533323288 2539
1764056856340 0.06664871424436569 2549
1764056870546 0.024277538061141968 2559
1764056880538 0.024403396993875504 2569
1764056888774 0.02275381237268448 2579
1764056897490 0.025956619530916214 2589
1764056904659 0.032044120132923126 2599
1764056918690 0.02819008007645607 2609
1764056930259 0.022182486951351166 2619
1764056938534 0.02147725597023964 2629
1764056946528 0.0197388157248497 2639
1764056953767 0.1127358227968216 2649
1764056968128 0.02279784344136715 2659
1764056979973 0.024542877450585365 2669
1764056987936 0.02077096328139305 2679
1764056995925 0.021479105576872826 2689
1764057002968 0.06016852706670761 2699
1764057017359 0.021091055124998093 2709
1764057029090 0.03240520879626274 2719
1764057037352 0.04378308728337288 2729
1764057045488 0.024221617728471756 2739
1764057052848 0.06925180554389954 2749
1764057067878 0.0186348557472229 2759
1764057079528 0.026935651898384094 2769
1764057087643 0.020928211510181427 2779
1764057095880 0.03215429186820984 2789
1764057102980 0.9557979106903076 2799
1764057117267 0.042360372841358185 2809
1764057128822 0.037614740431308746 2819
1764057136574 0.0352044440805912 2829
1764057144800 0.03370630741119385 2839
1764057152174 0.10864418745040894 2849
1764057166651 0.03492411971092224 2859
1764057178053 0.032704975455999374 2869
1764057186032 0.03346563130617142 2879
1764057194215 0.025120649486780167 2889
1764057202324 1.095276117324829 2899
1764057217461 0.07553549110889435 2909
1764057229648 0.09936179965734482 2919
1764057239097 0.07235045731067657 2929
1764057250874 0.0673559159040451 2939
1764057258095 0.06872890889644623 2949
1764057272571 0.050770167261362076 2959
1764057282270 0.04067856818437576 2969
1764057290797 0.036729514598846436 2979
1764057299108 0.03261742740869522 2989
1764057307276 0.06502770632505417 2999
1764057323433 0.03295285999774933 3009
1764057334032 0.038456499576568604 3019
1764057342035 0.02556752599775791 3029
1764057349587 0.03045790083706379 3039
1764057356601 0.11308730393648148 3049
1764057371013 0.03452737629413605 3059
1764057382299 0.030521316453814507 3069
1764057390309 0.03324418514966965 3079
1764057398740 0.025797735899686813 3089
1764057405846 1.0106889009475708 3099
1764057419773 0.061442892998456955 3109
1764057430346 0.043052006512880325 3119
1764057438190 0.028399594128131866 3129
1764057446076 0.030405495315790176 3139
1764057453226 0.12189541757106781 3149
1764057467587 0.029885124415159225 3159
1764057477393 0.03477649390697479 3169
1764057485644 0.022868363186717033 3179
1764057493692 0.025365585461258888 3189
1764057500602 0.094899021089077 3199
1764057514762 0.023014143109321594 3209
1764057524497 0.03249844163656235 3219
1764057532332 0.026575924828648567 3229
1764057540271 0.029896914958953857 3239
1764057547779 0.06936472654342651 3249
1764057563677 0.02433978207409382 3259
1764057574679 0.023225324228405952 3269
1764057582588 0.022240879014134407 3279
1764057590267 0.02358490601181984 3289
1764057597405 0.09692688286304474 3299
1764057612121 0.020024370402097702 3309
1764057623377 0.02097322791814804 3319
1764057631801 0.023607462644577026 3329
1764057639659 0.022264618426561356 3339
1764057646701 0.07055030763149261 3349
1764057661708 0.02081936039030552 3359
1764057672843 0.019920436665415764 3369
1764057680787 0.02700980007648468 3379
1764057688809 0.0237472802400589 3389
1764057695876 0.1004665195941925 3399
1764057710391 0.02274974063038826 3409
1764057721472 0.019836531952023506 3419
1764057729654 0.027567025274038315 3429
1764057737488 0.021419009193778038 3439
1764057744411 0.090049147605896 3449
1764057757845 0.02886410430073738 3459
1764057768675 0.023710696026682854 3469
1764057776339 0.025134261697530746 3479
1764057784357 0.02411942183971405 3489
1764057795155 0.05811794102191925 3499
1764057809512 0.0232577882707119 3509
1764057820337 0.02940109558403492 3519
1764057828825 0.02245592698454857 3529
1764057836491 0.022449448704719543 3539
1764057843452 0.11079394817352295 3549
1764057857677 0.02606154978275299 3559
1764057868757 0.02102525718510151 3569
1764057876889 0.020284563302993774 3579
1764057885143 0.019553285092115402 3589
1764057892304 0.07450887560844421 3599
1764057906578 0.025359325110912323 3609
1764057917434 0.020822685211896896 3619
1764057925923 0.020142897963523865 3629
1764057934244 0.02752825990319252 3639
1764057941705 0.040743447840213776 3649
1764057956914 0.019802769646048546 3659
1764057969060 0.02362537384033203 3669
1764057977848 0.022072533145546913 3679
1764057985964 0.020330077037215233 3689
1764057993481 0.03743694722652435 3699
1764058007348 0.021462170407176018 3709
1764058019593 0.019139599055051804 3719
1764058027587 0.02452455461025238 3729
1764058035518 0.02163838967680931 3739
1764058042713 0.07386377453804016 3749
1764058056740 0.019385814666748047 3759
1764058068258 0.019540397450327873 3769
1764058075998 0.01899586245417595 3779
1764058083655 0.019468579441308975 3789
1764058090682 0.05212003365159035 3799
1764058104542 0.025535279884934425 3809
1764058115918 0.01817977987229824 3819
1764058123933 0.020854521542787552 3829
1764058131974 0.019815271720290184 3839
1764058139502 0.08288601785898209 3849
1764058153264 0.02269495092332363 3859
1764058164638 0.025137947872281075 3869
1764058172888 0.02039160206913948 3879
1764058180989 0.020959053188562393 3889
1764058188129 0.03635270893573761 3899
1764058202390 0.01980581507086754 3909
1764058214333 0.021281329914927483 3919
1764058222687 0.019115973263978958 3929
1764058230711 0.025748876854777336 3939
1764058238259 0.08101282268762589 3949
1764058252485 0.023394815623760223 3959
1764058264070 0.021667007356882095 3969
1764058273074 0.018169965595006943 3979
1764058282028 0.01904388517141342 3989
1764058289626 0.036169011145830154 3999
