1763819173360 0.8307976126670837 9
1763819219139 0.4326516091823578 19
1763819261864 0.28462398052215576 29
1763819309762 1.3070275783538818 39
1763819357716 0.42588937282562256 49
1763819402108 0.2142898291349411 59
1763819447222 0.1847483366727829 69
1763819514208 0.20801596343517303 79
1763819552410 0.2213345468044281 89
1763819589137 0.20582205057144165 99
1763819631334 0.19189666211605072 109
1763819671274 0.18151554465293884 119
1763819722358 0.16945002973079681 129
1763819764007 1.7001761198043823 139
1763819820785 1.2917261123657227 149
1763819864003 0.14828509092330933 159
1763819903475 0.13475912809371948 169
1763819949058 2.844742774963379 179
1763819992389 0.12687018513679504 189
1763820037318 1.4150561094284058 199
