1764247677187 0.0 9
1764247679117 0.0 19
1764247681084 0.0 29
1764247683046 0.0 39
1764247685956 0.0 48
1764247686196 1.0 49
1764247688124 1.0 59
1764247690061 1.0 69
1764247691989 1.0 79
1764247693933 1.0 89
1764247696228 1.0 97
1764247696652 2.0 99
1764247698590 2.0 109
1764247700547 2.0 119
1764247702494 2.0 129
1764247704445 2.0 139
1764247706478 2.0 146
1764247707077 3.0 149
1764247709018 3.0 159
1764247710963 3.0 169
1764247712928 3.0 179
1764247714872 3.0 189
1764247716697 3.0 195
1764247717509 4.0 199
1764247719445 4.0 209
1764247721383 4.0 219
1764247723310 4.0 229
1764247725271 4.0 239
1764247726977 4.0 244
1764247728035 5.0 249
1764247729997 5.0 259
1764247731932 5.0 269
1764247733874 5.0 279
1764247735824 5.0 289
1764247737306 5.0 293
1764247738531 6.0 299
1764247740526 6.0 309
1764247742531 6.0 319
1764247744581 6.0 329
1764247746559 6.0 339
1764247747805 6.0 342
1764247749192 7.0 349
1764247751163 7.0 359
1764247753120 7.0 369
1764247755055 7.0 379
1764247756995 7.0 389
1764247758295 7.0 391
1764247759868 8.0 399
1764247761814 8.0 409
1764247763747 8.0 419
1764247765713 8.0 429
1764247767660 8.0 439
1764247768551 8.0 440
1764247770399 9.0 449
1764247772420 9.0 459
1764247774395 9.0 469
1764247776357 9.0 479
1764247778266 9.0 489
1764247779054 9.0 489
1764247781049 10.0 499
1764247783018 10.0 509
1764247784985 10.0 519
1764247786959 10.0 529
1764247789373 10.0 538
1764247789598 11.0 539
1764247791568 11.0 549
1764247793542 11.0 559
1764247795518 11.0 569
1764247797539 11.0 579
1764247799716 11.0 587
1764247800117 12.0 589
1764247802063 12.0 599
1764247804003 12.0 609
1764247805949 12.0 619
1764247807915 12.0 629
1764247809902 12.0 636
1764247810499 13.0 639
1764247812442 13.0 649
1764247814405 13.0 659
1764247816362 13.0 669
1764247818302 13.0 679
1764247820097 13.0 685
1764247820893 14.0 689
1764247822833 14.0 699
1764247824786 14.0 709
1764247826747 14.0 719
1764247828688 14.0 729
1764247830324 14.0 734
1764247831324 15.0 739
1764247833303 15.0 749
1764247835299 15.0 759
1764247837237 15.0 769
1764247839175 15.0 779
1764247840639 15.0 783
1764247841825 16.0 789
1764247843777 16.0 799
1764247845736 16.0 809
1764247847686 16.0 819
1764247849807 16.0 829
1764247851101 16.0 832
1764247852521 17.0 839
1764247854477 17.0 849
1764247856455 17.0 859
1764247858410 17.0 869
1764247860368 17.0 879
1764247861414 17.0 881
1764247863020 18.0 889
1764247864990 18.0 899
1764247866942 18.0 909
1764247868888 18.0 919
1764247870829 18.0 929
1764247871711 18.0 930
1764247873485 19.0 939
1764247875449 19.0 949
1764247877398 19.0 959
1764247879339 19.0 969
1764247881189 19.0 979
1764247881964 19.0 979
1764247883932 20.0 989
1764247885869 20.0 999
1764247887859 20.0 1009
1764247889812 20.0 1019
1764247892248 20.0 1028
1764247892485 21.0 1029
1764247894446 21.0 1039
1764247896421 21.0 1049
1764247898369 21.0 1059
1764247900303 21.0 1069
1764247902494 21.0 1077
1764247902926 22.0 1079
1764247904891 22.0 1089
1764247906836 22.0 1099
1764247908776 22.0 1109
1764247910726 22.0 1119
1764247912744 22.0 1126
1764247913370 23.0 1129
1764247915343 23.0 1139
1764247917270 23.0 1149
1764247919201 23.0 1159
1764247921147 23.0 1169
1764247922998 23.0 1175
1764247923791 24.0 1179
1764247925738 24.0 1189
1764247927683 24.0 1199
1764247929624 24.0 1209
1764247931587 24.0 1219
1764247933205 24.0 1224
1764247934202 25.0 1229
1764247936162 25.0 1239
1764247938126 25.0 1249
1764247940063 25.0 1259
1764247942012 25.0 1269
1764247943455 25.0 1273
1764247944624 26.0 1279
1764247946564 26.0 1289
1764247948493 26.0 1299
1764247950436 26.0 1309
1764247952386 26.0 1319
1764247953703 26.0 1322
