1764247677187 0.5315083265304565 9
1764247679117 0.6332119703292847 19
1764247681084 0.4258997440338135 29
1764247683046 0.4994843304157257 39
1764247686196 0.3645506501197815 49
1764247688124 0.3298567533493042 59
1764247690061 0.3631160855293274 69
1764247691989 0.18000870943069458 79
1764247693933 0.22445005178451538 89
1764247696652 0.1671922504901886 99
1764247698590 0.17891782522201538 109
1764247700547 0.1383245438337326 119
1764247702494 0.20071512460708618 129
1764247704445 0.19151794910430908 139
1764247707077 0.13665542006492615 149
1764247709018 0.11425212025642395 159
1764247710963 0.10622628033161163 169
1764247712928 0.1074211597442627 179
1764247714872 0.12361082434654236 189
1764247717509 0.09858059883117676 199
1764247719445 0.0868484377861023 209
1764247721383 0.08765171468257904 219
1764247723310 0.13539640605449677 229
1764247725271 0.07929649949073792 239
1764247728035 0.06194666400551796 249
1764247729997 0.06213141605257988 259
1764247731932 0.10989998281002045 269
1764247733874 0.06070970371365547 279
1764247735824 0.0744514912366867 289
1764247738531 0.11732847988605499 299
1764247740526 0.058264680206775665 309
1764247742531 0.047428712248802185 319
1764247744581 0.05765795335173607 329
1764247746559 0.04912875220179558 339
1764247749192 0.059479061514139175 349
1764247751163 0.04495555907487869 359
1764247753120 0.05312688648700714 369
1764247755055 0.044081300497055054 379
1764247756995 0.04332651570439339 389
1764247759868 0.04000148922204971 399
1764247761814 0.045501988381147385 409
1764247763747 0.03917554020881653 419
1764247765713 0.038586702197790146 429
1764247767660 0.06379932165145874 439
1764247770399 0.04684780538082123 449
1764247772420 0.06267782300710678 459
1764247774395 0.04262532293796539 469
1764247776357 0.03826393932104111 479
1764247778266 0.03999561816453934 489
1764247781049 0.050771865993738174 499
1764247783018 0.03521256893873215 509
1764247784985 0.041408732533454895 519
1764247786959 0.031599633395671844 529
1764247789598 0.03369140625 539
1764247791568 0.038784369826316833 549
1764247793542 0.03207162767648697 559
1764247795518 0.03471916913986206 569
1764247797539 0.07464565336704254 579
1764247800117 0.03118736296892166 589
1764247802063 0.03233551234006882 599
1764247804003 0.03612865135073662 609
1764247805949 0.031667813658714294 619
1764247807915 0.03065209463238716 629
1764247810499 0.03317387029528618 639
1764247812442 0.07399585843086243 649
1764247814405 0.043905921280384064 659
1764247816362 0.03193910792469978 669
1764247818302 0.040384817868471146 679
1764247820893 0.02940567210316658 689
1764247822833 0.02957233414053917 699
1764247824786 0.03466241806745529 709
1764247826747 0.0609196312725544 719
1764247828688 0.031836431473493576 729
1764247831324 0.03841838240623474 739
1764247833303 0.029037516564130783 749
1764247835299 0.030477626249194145 759
1764247837237 0.04974829778075218 769
1764247839175 0.02918398380279541 779
1764247841825 0.03967937454581261 789
1764247843777 0.028777536004781723 799
1764247845736 0.02869667112827301 809
1764247847686 0.04478706419467926 819
1764247849807 0.025662072002887726 829
1764247852521 0.049777038395404816 839
1764247854477 0.028242232277989388 849
1764247856455 0.03311534225940704 859
1764247858410 0.028701212257146835 869
1764247860368 0.0754753053188324 879
1764247863020 0.03044070303440094 889
1764247864990 0.025764651596546173 899
1764247866942 0.035517510026693344 909
1764247868888 0.037655510008335114 919
1764247870829 0.026581943035125732 929
1764247873485 0.02607966586947441 939
1764247875449 0.02402402088046074 949
1764247877398 0.0468011312186718 959
1764247879339 0.023575562983751297 969
1764247881189 0.03897969424724579 979
1764247883932 0.024996317923069 989
1764247885869 0.026867050677537918 999
1764247887859 0.024309296160936356 1009
1764247889812 0.02892630733549595 1019
1764247892485 0.02801669016480446 1029
1764247894446 0.02570338174700737 1039
1764247896421 0.03132881969213486 1049
1764247898369 0.025137033313512802 1059
1764247900303 0.025829650461673737 1069
1764247902926 0.027093971148133278 1079
1764247904891 0.02468571811914444 1089
1764247906836 0.02596733532845974 1099
1764247908776 0.030776821076869965 1109
1764247910726 0.02685369737446308 1119
1764247913370 0.024842295795679092 1129
1764247915343 0.02314976416528225 1139
1764247917270 0.033832862973213196 1149
1764247919201 0.02499687671661377 1159
1764247921147 0.04045652970671654 1169
1764247923791 0.05572628974914551 1179
1764247925738 0.026859447360038757 1189
1764247927683 0.024064574390649796 1199
1764247929624 0.04679591581225395 1209
1764247931587 0.02775447815656662 1219
1764247934202 0.03916138410568237 1229
1764247936162 0.02580317109823227 1239
1764247938126 0.023258987814188004 1249
1764247940063 0.028404846787452698 1259
1764247942012 0.031512223184108734 1269
1764247944624 0.02634279616177082 1279
1764247946564 0.02295932173728943 1289
1764247948493 0.02507205493748188 1299
1764247950436 0.021576926112174988 1309
1764247952386 0.022891275584697723 1319
