1764330115708 0.0 9
1764330118561 0.0 19
1764330121411 0.0 29
1764330124242 0.0 39
1764330126563 0.0 43
1764330128292 1.0 49
1764330131137 1.0 59
1764330133976 1.0 69
1764330136813 1.0 79
1764330139807 1.0 87
1764330140393 2.0 89
1764330143233 2.0 99
1764330146070 2.0 109
1764330148900 2.0 119
1764330151734 2.0 129
1764330152985 2.0 131
1764330155303 3.0 139
1764330158150 3.0 149
1764330161004 3.0 159
1764330163843 3.0 169
1764330166233 3.0 175
1764330167369 4.0 179
1764330170208 4.0 189
1764330173077 4.0 199
1764330175925 4.0 209
1764330178701 4.0 219
1764330179532 4.0 219
1764330182391 5.0 229
1764330185249 5.0 239
1764330188075 5.0 249
1764330190914 5.0 259
1764330192723 5.0 263
1764330194443 6.0 269
1764330197276 6.0 279
1764330200106 6.0 289
1764330202951 6.0 299
1764330205912 6.0 307
1764330206502 7.0 309
1764330209330 7.0 319
1764330212205 7.0 329
1764330215037 7.0 339
1764330217904 7.0 349
1764330219162 7.0 351
1764330221463 8.0 359
1764330224306 8.0 369
1764330227153 8.0 379
1764330230002 8.0 389
1764330232383 8.0 395
1764330233527 9.0 399
1764330236354 9.0 409
1764330239188 9.0 419
1764330242012 9.0 429
1764330244834 9.0 439
1764330245672 9.0 439
1764330248520 10.0 449
1764330251317 10.0 459
1764330254116 10.0 469
1764330256922 10.0 479
1764330258747 10.0 483
1764330260442 11.0 489
1764330263329 11.0 499
1764330266180 11.0 509
1764330269012 11.0 519
1764330271936 11.0 527
1764330272663 12.0 529
1764330275486 12.0 539
1764330278318 12.0 549
1764330281126 12.0 559
1764330283942 12.0 569
1764330285194 12.0 571
1764330287468 13.0 579
1764330290242 13.0 589
1764330293059 13.0 599
1764330295897 13.0 609
1764330298333 13.0 615
1764330299457 14.0 619
1764330302256 14.0 629
1764330305085 14.0 639
1764330307931 14.0 649
1764330310647 14.0 659
1764330311436 14.0 659
1764330314252 15.0 669
1764330317074 15.0 679
1764330319885 15.0 689
1764330322690 15.0 699
1764330324515 15.0 703
1764330326237 16.0 709
1764330329058 16.0 719
1764330331857 16.0 729
1764330334694 16.0 739
1764330337668 16.0 747
1764330338242 17.0 749
1764330341031 17.0 759
1764330343835 17.0 769
1764330346664 17.0 779
1764330349482 17.0 789
1764330350733 17.0 791
1764330352980 18.0 799
1764330355792 18.0 809
1764330358607 18.0 819
1764330361415 18.0 829
1764330363876 18.0 835
1764330365019 19.0 839
1764330367845 19.0 849
1764330370635 19.0 859
1764330373445 19.0 869
1764330376202 19.0 879
1764330376977 19.0 879
1764330379797 20.0 889
1764330382613 20.0 899
1764330385428 20.0 909
1764330388242 20.0 919
1764330390021 20.0 923
1764330391713 21.0 929
1764330394531 21.0 939
1764330397368 21.0 949
1764330400173 21.0 959
1764330403126 21.0 967
1764330403718 22.0 969
1764330406538 22.0 979
1764330409364 22.0 989
1764330412183 22.0 999
1764330415016 22.0 1009
1764330416258 22.0 1011
1764330418513 23.0 1019
1764330421306 23.0 1029
1764330424126 23.0 1039
1764330426946 23.0 1049
1764330429304 23.0 1055
1764330430435 24.0 1059
1764330433241 24.0 1069
1764330436073 24.0 1079
1764330438896 24.0 1089
1764330441611 24.0 1099
1764330442387 24.0 1099
1764330445213 25.0 1109
1764330448053 25.0 1119
1764330450847 25.0 1129
1764330453649 25.0 1139
1764330455461 25.0 1143
1764330457174 26.0 1149
1764330459985 26.0 1159
1764330462775 26.0 1169
1764330465652 26.0 1179
1764330468671 26.0 1187
1764330469262 27.0 1189
1764330472081 27.0 1199
1764330474899 27.0 1209
1764330477687 27.0 1219
1764330480500 27.0 1229
1764330481743 27.0 1231
1764330484034 28.0 1239
1764330486892 28.0 1249
1764330489752 28.0 1259
1764330492573 28.0 1269
1764330494930 28.0 1275
1764330496074 29.0 1279
1764330498888 29.0 1289
1764330501681 29.0 1299
1764330504503 29.0 1309
1764330507242 29.0 1319
1764330508024 29.0 1319
1764330510836 30.0 1329
1764330513646 30.0 1339
1764330516464 30.0 1349
1764330519288 30.0 1359
1764330521072 30.0 1363
1764330522762 31.0 1369
1764330525582 31.0 1379
1764330528410 31.0 1389
1764330531209 31.0 1399
1764330534112 31.0 1407
1764330534693 32.0 1409
1764330537514 32.0 1419
1764330540391 32.0 1429
1764330543235 32.0 1439
1764330546074 32.0 1449
1764330547322 32.0 1451
1764330549585 33.0 1459
1764330552373 33.0 1469
1764330555196 33.0 1479
1764330558039 33.0 1489
1764330560380 33.0 1495
1764330561497 34.0 1499
1764330564302 34.0 1509
1764330567125 34.0 1519
1764330569951 34.0 1529
1764330572665 34.0 1539
1764330573452 34.0 1539
1764330576303 35.0 1549
1764330579131 35.0 1559
1764330581921 35.0 1569
1764330584743 35.0 1579
1764330586575 35.0 1583
1764330588282 36.0 1589
1764330591092 36.0 1599
1764330593916 36.0 1609
1764330596755 36.0 1619
1764330599700 36.0 1627
1764330600277 37.0 1629
1764330603091 37.0 1639
1764330605901 37.0 1649
1764330608713 37.0 1659
1764330611492 37.0 1669
1764330612719 37.0 1671
1764330614965 38.0 1679
1764330617799 38.0 1689
1764330620599 38.0 1699
1764330623375 38.0 1709
1764330625736 38.0 1715
1764330626881 39.0 1719
1764330629705 39.0 1729
1764330632507 39.0 1739
1764330635321 39.0 1749
1764330638065 39.0 1759
1764330638877 39.0 1759
