1764330115708 0.5906208157539368 9
1764330118561 0.48486873507499695 19
1764330121411 0.3486703038215637 29
1764330124242 0.34584084153175354 39
1764330128292 0.23779627680778503 49
1764330131137 0.28907614946365356 59
1764330133976 0.23162075877189636 69
1764330136813 0.160982146859169 79
1764330140393 0.1548124998807907 89
1764330143233 0.18832774460315704 99
1764330146070 0.1502406895160675 109
1764330148900 0.10674788057804108 119
1764330151734 0.10882565379142761 129
1764330155303 0.09997626394033432 139
1764330158150 0.10378148406744003 149
1764330161004 0.10017819702625275 159
1764330163843 0.09026232361793518 169
1764330167369 0.07783564180135727 179
1764330170208 0.0660356730222702 189
1764330173077 0.07210934907197952 199
1764330175925 0.061946336179971695 209
1764330178701 0.07959611713886261 219
1764330182391 0.125216543674469 229
1764330185249 0.07421159744262695 239
1764330188075 0.07311607152223587 249
1764330190914 0.09166551381349564 259
1764330194443 0.05148442089557648 269
1764330197276 0.05092468857765198 279
1764330200106 0.06261690706014633 289
1764330202951 0.05160503089427948 299
1764330206502 0.05400647595524788 309
1764330209330 0.09483703225851059 319
1764330212205 0.05073203891515732 329
1764330215037 0.04060865938663483 339
1764330217904 0.05681457743048668 349
1764330221463 0.05934935063123703 359
1764330224306 0.05205293744802475 369
1764330227153 0.05370241403579712 379
1764330230002 0.045764386653900146 389
1764330233527 0.04517737403512001 399
1764330236354 0.05951859802007675 409
1764330239188 0.04672795161604881 419
1764330242012 0.04037195071578026 429
1764330244834 0.0427994579076767 439
1764330248520 0.04573454335331917 449
1764330251317 0.03870094567537308 459
1764330254116 0.03912787139415741 469
1764330256922 0.051620133221149445 479
1764330260442 0.04825526103377342 489
1764330263329 0.035136450082063675 499
1764330266180 0.05315025523304939 509
1764330269012 0.04456062242388725 519
1764330272663 0.045212697237730026 529
1764330275486 0.038100823760032654 539
1764330278318 0.03992549702525139 549
1764330281126 0.0362086221575737 559
1764330283942 0.03802725672721863 569
1764330287468 0.03404039889574051 579
1764330290242 0.033510006964206696 589
1764330293059 0.04322664812207222 599
1764330295897 0.03678767383098602 609
1764330299457 0.03364797681570053 619
1764330302256 0.05172694846987724 629
1764330305085 0.038129352033138275 639
1764330307931 0.03698086738586426 649
1764330310647 0.03465526923537254 659
1764330314252 0.040702298283576965 669
1764330317074 0.04187289625406265 679
1764330319885 0.03674963116645813 689
1764330322690 0.04162978008389473 699
1764330326237 0.03751610219478607 709
1764330329058 0.057265445590019226 719
1764330331857 0.03053280897438526 729
1764330334694 0.031100407242774963 739
1764330338242 0.041830893605947495 749
1764330341031 0.04014633595943451 759
1764330343835 0.02930750697851181 769
1764330346664 0.029408443719148636 779
1764330349482 0.035899799317121506 789
1764330352980 0.0319870188832283 799
1764330355792 0.045231640338897705 809
1764330358607 0.050243817269802094 819
1764330361415 0.040354322642087936 829
1764330365019 0.03601963818073273 839
1764330367845 0.03061951883137226 849
1764330370635 0.03185800462961197 859
1764330373445 0.02870788797736168 869
1764330376202 0.07544504106044769 879
1764330379797 0.030373821035027504 889
1764330382613 0.028525976464152336 899
1764330385428 0.0363127626478672 909
1764330388242 0.05267411097884178 919
1764330391713 0.030825067311525345 929
1764330394531 0.030583571642637253 939
1764330397368 0.030848760157823563 949
1764330400173 0.031994517892599106 959
1764330403718 0.039467230439186096 969
1764330406538 0.04086391255259514 979
1764330409364 0.028239823877811432 989
1764330412183 0.027875108644366264 999
1764330415016 0.05153220519423485 1009
1764330418513 0.032821666449308395 1019
1764330421306 0.02901289239525795 1029
1764330424126 0.026946257799863815 1039
1764330426946 0.02987401746213436 1049
1764330430435 0.03299197182059288 1059
1764330433241 0.039373405277729034 1069
1764330436073 0.0396636426448822 1079
1764330438896 0.029850225895643234 1089
1764330441611 0.029527397826313972 1099
1764330445213 0.03198714181780815 1109
1764330448053 0.03358286991715431 1119
1764330450847 0.029228320345282555 1129
1764330453649 0.027592094615101814 1139
1764330457174 0.02891116589307785 1149
1764330459985 0.042703792452812195 1159
1764330462775 0.030049597844481468 1169
1764330465652 0.036298055201768875 1179
1764330469262 0.032522764056921005 1189
1764330472081 0.031040994450449944 1199
1764330474899 0.03334091976284981 1209
1764330477687 0.03847011923789978 1219
1764330480500 0.03836686164140701 1229
1764330484034 0.028238385915756226 1239
1764330486892 0.044486548751592636 1249
1764330489752 0.0282001756131649 1259
1764330492573 0.03437091410160065 1269
1764330496074 0.030070822685956955 1279
1764330498888 0.027811354026198387 1289
1764330501681 0.03372584283351898 1299
1764330504503 0.031649038195610046 1309
1764330507242 0.030062608420848846 1319
1764330510836 0.031364694237709045 1329
1764330513646 0.02948993444442749 1339
1764330516464 0.05612481012940407 1349
1764330519288 0.02771560475230217 1359
1764330522762 0.02886653132736683 1369
1764330525582 0.027208205312490463 1379
1764330528410 0.06078650802373886 1389
1764330531209 0.02800734154880047 1399
1764330534693 0.03198694437742233 1409
1764330537514 0.0543120801448822 1419
1764330540391 0.03048049286007881 1429
1764330543235 0.026767894625663757 1439
1764330546074 0.026071714237332344 1449
1764330549585 0.026440955698490143 1459
1764330552373 0.04607727751135826 1469
1764330555196 0.029848111793398857 1479
1764330558039 0.03613392263650894 1489
1764330561497 0.026699842885136604 1499
1764330564302 0.0259664598852396 1509
1764330567125 0.027183732017874718 1519
1764330569951 0.03591445833444595 1529
1764330572665 0.09759977459907532 1539
1764330576303 0.05735040083527565 1549
1764330579131 0.028116459026932716 1559
1764330581921 0.030577201396226883 1569
1764330584743 0.08325563371181488 1579
1764330588282 0.02970491349697113 1589
1764330591092 0.028512703254818916 1599
1764330593916 0.028784070163965225 1609
1764330596755 0.052048277109861374 1619
1764330600277 0.030866753309965134 1629
1764330603091 0.0339147225022316 1639
1764330605901 0.027578115463256836 1649
1764330608713 0.03801395744085312 1659
1764330611492 0.03967553749680519 1669
1764330614965 0.029103517532348633 1679
1764330617799 0.026970459148287773 1689
1764330620599 0.0321199931204319 1699
1764330623375 0.030776284635066986 1709
1764330626881 0.03447401523590088 1719
1764330629705 0.026696307584643364 1729
1764330632507 0.026625145226716995 1739
1764330635321 0.02920641005039215 1749
1764330638065 0.03331522271037102 1759
