1764336138349 0.0 9
1764336140890 0.0 19
1764336143420 0.0 29
1764336145952 0.0 39
1764336147916 0.0 43
1764336150452 1.0 49
1764336152973 1.0 59
1764336155502 1.0 69
1764336158033 1.0 79
1764336160575 1.0 87
1764336162184 2.0 89
1764336164717 2.0 99
1764336167257 2.0 109
1764336169887 2.0 119
1764336172438 2.0 129
1764336173513 2.0 131
1764336176658 3.0 139
1764336179189 3.0 149
1764336181717 3.0 159
1764336184254 3.0 169
1764336186286 3.0 175
1764336188234 4.0 179
1764336190773 4.0 189
1764336193303 4.0 199
1764336195843 4.0 209
1764336198295 4.0 219
1764336198898 4.0 219
1764336202419 5.0 229
1764336204952 5.0 239
1764336207496 5.0 249
1764336210039 5.0 259
1764336211565 5.0 263
1764336213978 6.0 269
1764336216516 6.0 279
1764336219047 6.0 289
1764336221572 6.0 299
1764336224110 6.0 307
1764336225499 7.0 309
1764336228029 7.0 319
1764336230556 7.0 329
1764336233074 7.0 339
1764336235619 7.0 349
1764336236643 7.0 351
1764336239560 8.0 359
1764336242085 8.0 369
1764336244609 8.0 379
1764336247136 8.0 389
1764336249154 8.0 395
1764336251116 9.0 399
1764336253640 9.0 409
1764336256177 9.0 419
1764336258711 9.0 429
1764336261154 9.0 439
1764336261754 9.0 439
1764336264996 10.0 449
1764336267514 10.0 459
1764336270047 10.0 469
1764336272575 10.0 479
1764336274090 10.0 483
1764336276460 11.0 489
1764336278985 11.0 499
1764336281514 11.0 509
1764336284038 11.0 519
1764336286566 11.0 527
1764336287991 12.0 529
1764336290532 12.0 539
1764336293108 12.0 549
1764336295649 12.0 559
1764336298184 12.0 569
1764336299196 12.0 571
1764336301981 13.0 579
1764336304511 13.0 589
1764336307038 13.0 599
1764336309561 13.0 609
1764336311588 13.0 615
1764336313547 14.0 619
1764336316091 14.0 629
1764336318614 14.0 639
1764336321147 14.0 649
1764336323606 14.0 659
1764336324205 14.0 659
1764336327580 15.0 669
1764336330112 15.0 679
1764336332652 15.0 689
1764336335205 15.0 699
1764336336729 15.0 703
1764336338906 16.0 709
1764336341437 16.0 719
1764336343966 16.0 729
1764336346506 16.0 739
1764336349043 16.0 747
1764336350366 17.0 749
1764336352895 17.0 759
1764336355423 17.0 769
1764336357962 17.0 779
1764336360488 17.0 789
1764336361496 17.0 791
1764336364415 18.0 799
1764336366948 18.0 809
1764336369475 18.0 819
1764336372008 18.0 829
1764336374033 18.0 835
1764336375961 19.0 839
1764336378482 19.0 849
1764336381014 19.0 859
1764336383532 19.0 869
1764336385990 19.0 879
1764336386591 19.0 879
1764336390012 20.0 889
1764336392542 20.0 899
1764336395078 20.0 909
1764336397618 20.0 919
1764336399141 20.0 923
1764336401543 21.0 929
1764336404078 21.0 939
1764336406605 21.0 949
1764336409160 21.0 959
1764336411717 21.0 967
1764336413095 22.0 969
1764336415672 22.0 979
1764336418245 22.0 989
1764336420786 22.0 999
1764336423328 22.0 1009
1764336424357 22.0 1011
1764336427720 23.0 1019
1764336430261 23.0 1029
1764336432798 23.0 1039
1764336435341 23.0 1049
1764336437378 23.0 1055
1764336439666 24.0 1059
1764336442242 24.0 1069
1764336444771 24.0 1079
1764336447330 24.0 1089
1764336449805 24.0 1099
1764336450462 24.0 1099
1764336454455 25.0 1109
1764336456990 25.0 1119
1764336459533 25.0 1129
1764336462069 25.0 1139
1764336463591 25.0 1143
1764336466360 26.0 1149
1764336468900 26.0 1159
1764336471430 26.0 1169
1764336473962 26.0 1179
1764336476506 26.0 1187
1764336478261 27.0 1189
1764336480792 27.0 1199
1764336483324 27.0 1209
1764336485859 27.0 1219
1764336488393 27.0 1229
1764336489413 27.0 1231
1764336492739 28.0 1239
1764336495292 28.0 1249
1764336497852 28.0 1259
1764336500399 28.0 1269
1764336502468 28.0 1275
1764336504957 29.0 1279
1764336507521 29.0 1289
1764336510139 29.0 1299
1764336512691 29.0 1309
1764336515168 29.0 1319
1764336515806 29.0 1319
1764336519511 30.0 1329
1764336522059 30.0 1339
1764336524604 30.0 1349
1764336527147 30.0 1359
1764336528685 30.0 1363
1764336531176 31.0 1369
1764336533729 31.0 1379
1764336536278 31.0 1389
1764336538849 31.0 1399
1764336541490 31.0 1407
1764336543023 32.0 1409
1764336545601 32.0 1419
1764336548190 32.0 1429
1764336550747 32.0 1439
1764336553325 32.0 1449
1764336554367 32.0 1451
1764336557483 33.0 1459
1764336560051 33.0 1469
1764336562618 33.0 1479
1764336565180 33.0 1489
1764336567266 33.0 1495
1764336569266 34.0 1499
1764336571859 34.0 1509
1764336574429 34.0 1519
1764336576999 34.0 1529
1764336579514 34.0 1539
1764336580125 34.0 1539
1764336583541 35.0 1549
1764336586118 35.0 1559
1764336588686 35.0 1569
1764336591269 35.0 1579
1764336592823 35.0 1583
1764336595172 36.0 1589
1764336597779 36.0 1599
1764336600359 36.0 1609
1764336602929 36.0 1619
1764336605518 36.0 1627
1764336606846 37.0 1629
1764336609431 37.0 1639
1764336612019 37.0 1649
1764336614606 37.0 1659
1764336617187 37.0 1669
1764336618255 37.0 1671
1764336621207 38.0 1679
1764336623795 38.0 1689
1764336626370 38.0 1699
1764336628977 38.0 1709
1764336631047 38.0 1715
1764336632947 39.0 1719
1764336635530 39.0 1729
1764336638106 39.0 1739
1764336640676 39.0 1749
1764336643184 39.0 1759
1764336643821 39.0 1759
1764336647346 40.0 1769
1764336649908 40.0 1779
1764336652491 40.0 1789
1764336655061 40.0 1799
1764336656608 40.0 1803
1764336659078 41.0 1809
1764336661658 41.0 1819
1764336664234 41.0 1829
1764336666843 41.0 1839
1764336669423 41.0 1847
1764336670730 42.0 1849
1764336673323 42.0 1859
1764336675910 42.0 1869
1764336678485 42.0 1879
1764336681060 42.0 1889
1764336682098 42.0 1891
1764336684945 43.0 1899
1764336687514 43.0 1909
1764336690118 43.0 1919
1764336692706 43.0 1929
1764336694775 43.0 1935
1764336696553 44.0 1939
1764336699122 44.0 1949
1764336701691 44.0 1959
1764336704281 44.0 1969
1764336706772 44.0 1979
1764336707416 44.0 1979
1764336711018 45.0 1989
1764336713602 45.0 1999
1764336716144 45.0 2009
1764336718716 45.0 2019
1764336720310 45.0 2023
1764336722637 46.0 2029
1764336725208 46.0 2039
1764336727750 46.0 2049
1764336730300 46.0 2059
1764336732861 46.0 2067
1764336734209 47.0 2069
1764336736778 47.0 2079
1764336739336 47.0 2089
1764336741900 47.0 2099
1764336744446 47.0 2109
1764336745472 47.0 2111
1764336748536 48.0 2119
1764336751241 48.0 2129
1764336753873 48.0 2139
1764336756511 48.0 2149
1764336758586 48.0 2155
1764336760700 49.0 2159
1764336763280 49.0 2169
1764336765872 49.0 2179
1764336768443 49.0 2189
1764336770936 49.0 2199
1764336771560 49.0 2199
1764336775027 50.0 2209
1764336777601 50.0 2219
1764336780217 50.0 2229
1764336782789 50.0 2239
1764336784373 50.0 2243
1764336786730 51.0 2249
1764336789302 51.0 2259
1764336791877 51.0 2269
1764336794470 51.0 2279
1764336797038 51.0 2287
1764336798259 52.0 2289
1764336800840 52.0 2299
1764336803404 52.0 2309
1764336805973 52.0 2319
1764336808559 52.0 2329
1764336809614 52.0 2331
1764336812512 53.0 2339
1764336815118 53.0 2349
1764336817766 53.0 2359
1764336820376 53.0 2369
1764336822430 53.0 2375
1764336824239 54.0 2379
1764336826785 54.0 2389
1764336829304 54.0 2399
1764336831830 54.0 2409
1764336834473 54.0 2419
1764336835098 54.0 2419
1764336838388 55.0 2429
1764336840960 55.0 2439
1764336843525 55.0 2449
1764336846155 55.0 2459
1764336847714 55.0 2463
1764336850200 56.0 2469
1764336852787 56.0 2479
1764336855338 56.0 2489
1764336857901 56.0 2499
1764336860476 56.0 2507
1764336861896 57.0 2509
1764336864442 57.0 2519
1764336866992 57.0 2529
1764336869566 57.0 2539
1764336872147 57.0 2549
1764336873156 57.0 2551
1764336875856 58.0 2559
1764336878420 58.0 2569
1764336881002 58.0 2579
1764336883543 58.0 2589
1764336885579 58.0 2595
1764336887460 59.0 2599
1764336890056 59.0 2609
1764336892611 59.0 2619
1764336895147 59.0 2629
1764336897652 59.0 2639
1764336898306 59.0 2639
1764336901692 60.0 2649
1764336904254 60.0 2659
1764336906816 60.0 2669
1764336909410 60.0 2679
1764336910958 60.0 2683
1764336913836 61.0 2689
1764336916382 61.0 2699
1764336918964 61.0 2709
1764336921535 61.0 2719
1764336924085 61.0 2727
1764336925360 62.0 2729
1764336927943 62.0 2739
1764336930522 62.0 2749
1764336933066 62.0 2759
1764336935695 62.0 2769
1764336936735 62.0 2771
1764336939639 63.0 2779
1764336942217 63.0 2789
1764336944761 63.0 2799
1764336947314 63.0 2809
1764336949425 63.0 2815
1764336951233 64.0 2819
1764336953768 64.0 2829
1764336956307 64.0 2839
1764336958879 64.0 2849
1764336961366 64.0 2859
1764336961962 64.0 2859
1764336965314 65.0 2869
1764336967890 65.0 2879
1764336970479 65.0 2889
1764336973038 65.0 2899
1764336974611 65.0 2903
1764336976990 66.0 2909
1764336979569 66.0 2919
1764336982127 66.0 2929
1764336984651 66.0 2939
1764336987225 66.0 2947
1764336988571 67.0 2949
1764336991150 67.0 2959
1764336993721 67.0 2969
1764336996262 67.0 2979
1764336998859 67.0 2989
1764336999897 67.0 2991
1764337002724 68.0 2999
1764337005265 68.0 3009
1764337007825 68.0 3019
1764337010421 68.0 3029
1764337012462 68.0 3035
1764337014299 69.0 3039
1764337016884 69.0 3049
1764337019472 69.0 3059
1764337022032 69.0 3069
1764337024485 69.0 3079
1764337025082 69.0 3079
