1764336138349 0.6909169554710388 9
1764336140890 0.5841476917266846 19
1764336143420 0.4162634611129761 29
1764336145952 0.3551979959011078 39
1764336150452 0.31962594389915466 49
1764336152973 0.24921917915344238 59
1764336155502 0.24795657396316528 69
1764336158033 0.2568742334842682 79
1764336162184 0.17345932126045227 89
1764336164717 0.18942174315452576 99
1764336167257 0.17244839668273926 109
1764336169887 0.1820044070482254 119
1764336172438 0.139664426445961 129
1764336176658 0.1346040666103363 139
1764336179189 0.11988641321659088 149
1764336181717 0.13430894911289215 159
1764336184254 0.0920763611793518 169
1764336188234 0.09102486073970795 179
1764336190773 0.07824592292308807 189
1764336193303 0.0763164609670639 199
1764336195843 0.07957442104816437 209
1764336198295 0.07516289502382278 219
1764336202419 0.06522047519683838 229
1764336204952 0.06887928396463394 239
1764336207496 0.07760010659694672 249
1764336210039 0.08045139908790588 259
1764336213978 0.05676240846514702 269
1764336216516 0.07524560391902924 279
1764336219047 0.06219722703099251 289
1764336221572 0.06339625269174576 299
1764336225499 0.06519035249948502 309
1764336228029 0.0707189068198204 319
1764336230556 0.04781848564743996 329
1764336233074 0.051072701811790466 339
1764336235619 0.0487443208694458 349
1764336239560 0.04726823419332504 359
1764336242085 0.05509021133184433 369
1764336244609 0.043780528008937836 379
1764336247136 0.05741716921329498 389
1764336251116 0.0498233400285244 399
1764336253640 0.04606053605675697 409
1764336256177 0.057073697447776794 419
1764336258711 0.049025606364011765 429
1764336261154 0.043139051645994186 439
1764336264996 0.04994790256023407 449
1764336267514 0.04776184260845184 459
1764336270047 0.04247777536511421 469
1764336272575 0.03714948520064354 479
1764336276460 0.03609801083803177 489
1764336278985 0.03813936188817024 499
1764336281514 0.04084540903568268 509
1764336284038 0.0470975786447525 519
1764336287991 0.04286390542984009 529
1764336290532 0.043253201991319656 539
1764336293108 0.042469970881938934 549
1764336295649 0.042124100029468536 559
1764336298184 0.03534923493862152 569
1764336301981 0.035832375288009644 579
1764336304511 0.03612811863422394 589
1764336307038 0.05699589475989342 599
1764336309561 0.04026756063103676 609
1764336313547 0.036171481013298035 619
1764336316091 0.03399380296468735 629
1764336318614 0.03318269923329353 639
1764336321147 0.05100706219673157 649
1764336323606 0.03432448208332062 659
1764336327580 0.036631565541028976 669
1764336330112 0.030322663486003876 679
1764336332652 0.04599711298942566 689
1764336335205 0.042665693908929825 699
1764336338906 0.0316300243139267 709
1764336341437 0.03525320440530777 719
1764336343966 0.03480058163404465 729
1764336346506 0.07424450665712357 739
1764336350366 0.048071809113025665 749
1764336352895 0.033822447061538696 759
1764336355423 0.04727300629019737 769
1764336357962 0.03311065584421158 779
1764336360488 0.08039899170398712 789
1764336364415 0.0315365195274353 799
1764336366948 0.043179966509342194 809
1764336369475 0.030656781047582626 819
1764336372008 0.04814755544066429 829
1764336375961 0.04565529525279999 839
1764336378482 0.03592027723789215 849
1764336381014 0.05255260691046715 859
1764336383532 0.04895161837339401 869
1764336385990 0.08270856738090515 879
1764336390012 0.06963755190372467 889
1764336392542 0.03888844698667526 899
1764336395078 0.046797119081020355 909
1764336397618 0.031571730971336365 919
1764336401543 0.042393624782562256 929
1764336404078 0.03270450979471207 939
1764336406605 0.045909762382507324 949
1764336409160 0.030520940199494362 959
1764336413095 0.031407780945301056 969
1764336415672 0.04205842688679695 979
1764336418245 0.048130329698324203 989
1764336420786 0.041270285844802856 999
1764336423328 0.04898373410105705 1009
1764336427720 0.04024796560406685 1019
1764336430261 0.03978914022445679 1029
1764336432798 0.029296882450580597 1039
1764336435341 0.036757830530405045 1049
1764336439666 0.03102789632976055 1059
1764336442242 0.039994481950998306 1069
1764336444771 0.034372471272945404 1079
1764336447330 0.030272936448454857 1089
1764336449805 0.03878509998321533 1099
1764336454455 0.038444023579359055 1109
1764336456990 0.02997652068734169 1119
1764336459533 0.031038818880915642 1129
1764336462069 0.04310000315308571 1139
1764336466360 0.046648409217596054 1149
1764336468900 0.04405549541115761 1159
1764336471430 0.028890982270240784 1169
1764336473962 0.048060283064842224 1179
1764336478261 0.028059890493750572 1189
1764336480792 0.032417040318250656 1199
1764336483324 0.02983490750193596 1209
1764336485859 0.035403456538915634 1219
1764336488393 0.04335365444421768 1229
1764336492739 0.029493775218725204 1239
1764336495292 0.04079114645719528 1249
1764336497852 0.026562193408608437 1259
1764336500399 0.02746579423546791 1269
1764336504957 0.03400932997465134 1279
1764336507521 0.057660698890686035 1289
1764336510139 0.02797715738415718 1299
1764336512691 0.07184413075447083 1309
1764336515168 0.035892635583877563 1319
1764336519511 0.0859440341591835 1329
1764336522059 0.03553631529211998 1339
1764336524604 0.029218774288892746 1349
1764336527147 0.06529480218887329 1359
1764336531176 0.038198500871658325 1369
1764336533729 0.040496110916137695 1379
1764336536278 0.02690052054822445 1389
1764336538849 0.03050655499100685 1399
1764336543023 0.029256746172904968 1409
1764336545601 0.06106557697057724 1419
1764336548190 0.03815709426999092 1429
1764336550747 0.04592080041766167 1439
1764336553325 0.04145439341664314 1449
1764336557483 0.0295477993786335 1459
1764336560051 0.02686031349003315 1469
1764336562618 0.06206429377198219 1479
1764336565180 0.037972722202539444 1489
1764336569266 0.03067171201109886 1499
1764336571859 0.033937178552150726 1509
1764336574429 0.032506294548511505 1519
1764336576999 0.030766509473323822 1529
1764336579514 0.026011046022176743 1539
1764336583541 0.028230564668774605 1549
1764336586118 0.048862505704164505 1559
1764336588686 0.06042252853512764 1569
1764336591269 0.028281167149543762 1579
1764336595172 0.026381315663456917 1589
1764336597779 0.03040885366499424 1599
1764336600359 0.03674917668104172 1609
1764336602929 0.03375871852040291 1619
1764336606846 0.028895340859889984 1629
1764336609431 0.025188220664858818 1639
1764336612019 0.02768654190003872 1649
1764336614606 0.034412480890750885 1659
1764336617187 0.04535086452960968 1669
1764336621207 0.02608179673552513 1679
1764336623795 0.044130731374025345 1689
1764336626370 0.037951432168483734 1699
1764336628977 0.035067118704319 1709
1764336632947 0.026025984436273575 1719
1764336635530 0.02951497957110405 1729
1764336638106 0.02609844133257866 1739
1764336640676 0.027525605633854866 1749
1764336643184 0.033453136682510376 1759
1764336647346 0.04587053135037422 1769
1764336649908 0.04779227077960968 1779
1764336652491 0.02446225844323635 1789
1764336655061 0.02567669376730919 1799
1764336659078 0.02906997874379158 1809
1764336661658 0.027096273377537727 1819
1764336664234 0.028254473581910133 1829
1764336666843 0.04542478173971176 1839
1764336670730 0.031151792034506798 1849
1764336673323 0.031262487173080444 1859
1764336675910 0.025690626353025436 1869
1764336678485 0.03097490407526493 1879
1764336681060 0.02393336035311222 1889
1764336684945 0.03152590990066528 1899
1764336687514 0.024778716266155243 1909
1764336690118 0.06083802506327629 1919
1764336692706 0.02541687712073326 1929
1764336696553 0.026065967977046967 1939
1764336699122 0.03314816579222679 1949
1764336701691 0.04950553551316261 1959
1764336704281 0.026490839198231697 1969
1764336706772 0.02560989372432232 1979
1764336711018 0.031479157507419586 1989
1764336713602 0.026524029672145844 1999
1764336716144 0.048552513122558594 2009
1764336718716 0.06113409250974655 2019
1764336722637 0.026806727051734924 2029
1764336725208 0.028586436063051224 2039
1764336727750 0.025781234726309776 2049
1764336730300 0.023465851321816444 2059
1764336734209 0.04402249678969383 2069
1764336736778 0.02620345540344715 2079
1764336739336 0.02922590635716915 2089
1764336741900 0.04660048335790634 2099
1764336744446 0.022768042981624603 2109
1764336748536 0.03310837969183922 2119
1764336751241 0.024627922102808952 2129
1764336753873 0.024599716067314148 2139
1764336756511 0.05246249586343765 2149
1764336760700 0.025242865085601807 2159
1764336763280 0.025226635858416557 2169
1764336765872 0.02460860088467598 2179
1764336768443 0.025298399850726128 2189
1764336770936 0.04893684759736061 2199
1764336775027 0.03425857052206993 2209
1764336777601 0.026109112426638603 2219
1764336780217 0.028390701860189438 2229
1764336782789 0.02922895923256874 2239
1764336786730 0.037356406450271606 2249
1764336789302 0.026965312659740448 2259
1764336791877 0.06760792434215546 2269
1764336794470 0.03982296586036682 2279
1764336798259 0.02838003821671009 2289
1764336800840 0.03349658101797104 2299
1764336803404 0.030014783143997192 2309
1764336805973 0.024518173187971115 2319
1764336808559 0.029495054855942726 2329
1764336812512 0.0414021797478199 2339
1764336815118 0.024148080497980118 2349
1764336817766 0.034322820603847504 2359
1764336820376 0.026541676372289658 2369
1764336824239 0.030543025583028793 2379
1764336826785 0.03304196894168854 2389
1764336829304 0.027806561440229416 2399
1764336831830 0.03767670318484306 2409
1764336834473 0.05391068384051323 2419
1764336838388 0.02575145661830902 2429
1764336840960 0.03127999231219292 2439
1764336843525 0.029954904690384865 2449
1764336846155 0.028690781444311142 2459
1764336850200 0.02719431184232235 2469
1764336852787 0.041583120822906494 2479
1764336855338 0.026552485302090645 2489
1764336857901 0.026198145002126694 2499
1764336861896 0.03675093129277229 2509
1764336864442 0.025547921657562256 2519
1764336866992 0.02330785244703293 2529
1764336869566 0.040824953466653824 2539
1764336872147 0.026165779680013657 2549
1764336875856 0.045501917600631714 2559
1764336878420 0.0328802652657032 2569
1764336881002 0.035799503326416016 2579
1764336883543 0.02614072524011135 2589
1764336887460 0.025597209110856056 2599
1764336890056 0.027771135792136192 2609
1764336892611 0.026915986090898514 2619
1764336895147 0.0309743732213974 2629
1764336897652 0.029583794996142387 2639
1764336901692 0.029573414474725723 2649
1764336904254 0.026188276708126068 2659
1764336906816 0.032687459141016006 2669
1764336909410 0.027982013300061226 2679
1764336913836 0.026260461658239365 2689
1764336916382 0.022969044744968414 2699
1764336918964 0.023375114426016808 2709
1764336921535 0.03340188413858414 2719
1764336925360 0.06217900663614273 2729
1764336927943 0.023400306701660156 2739
1764336930522 0.03302624821662903 2749
1764336933066 0.025287123396992683 2759
1764336935695 0.04532624036073685 2769
1764336939639 0.036225080490112305 2779
1764336942217 0.023707643151283264 2789
1764336944761 0.027170050889253616 2799
1764336947314 0.027873586863279343 2809
1764336951233 0.04275507852435112 2819
1764336953768 0.046497780829668045 2829
1764336956307 0.02196924015879631 2839
1764336958879 0.04226106032729149 2849
1764336961366 0.04964921623468399 2859
1764336965314 0.025674890726804733 2869
1764336967890 0.028997423127293587 2879
1764336970479 0.023720962926745415 2889
1764336973038 0.02483685314655304 2899
1764336976990 0.025761641561985016 2909
1764336979569 0.024484999477863312 2919
1764336982127 0.025861071422696114 2929
1764336984651 0.032308731228113174 2939
1764336988571 0.024070795625448227 2949
1764336991150 0.029229922220110893 2959
1764336993721 0.024560222402215004 2969
1764336996262 0.026883721351623535 2979
1764336998859 0.022549619898200035 2989
1764337002724 0.031596094369888306 2999
1764337005265 0.025654248893260956 3009
1764337007825 0.025718964636325836 3019
1764337010421 0.025275133550167084 3029
1764337014299 0.04292769357562065 3039
1764337016884 0.029480747878551483 3049
1764337019472 0.03787464648485184 3059
1764337022032 0.025558291003108025 3069
1764337024485 0.026776062324643135 3079
