1764077453371 0.0 9
1764077455139 0.0 19
1764077456890 0.0 29
1764077458648 0.0 39
1764077460386 0.0 49
1764077462135 0.0 59
1764077463897 0.0 69
1764077466100 0.0 73
1764077467204 1.0 79
1764077469024 1.0 89
1764077470783 1.0 99
1764077472553 1.0 109
1764077474311 1.0 119
1764077476058 1.0 129
1764077477814 1.0 139
1764077480084 1.0 147
1764077480461 2.0 149
1764077482224 2.0 159
1764077483982 2.0 169
1764077485732 2.0 179
1764077487484 2.0 189
1764077489225 2.0 199
1764077490964 2.0 209
1764077492745 2.0 219
1764077493969 2.0 221
1764077495395 3.0 229
1764077497137 3.0 239
1764077498865 3.0 249
1764077500617 3.0 259
1764077502367 3.0 269
1764077504121 3.0 279
1764077505876 3.0 289
1764077507769 3.0 295
1764077508495 4.0 299
1764077510260 4.0 309
1764077512016 4.0 319
1764077513773 4.0 329
1764077515508 4.0 339
1764077517269 4.0 349
1764077518995 4.0 359
1764077520734 4.0 369
1764077521654 4.0 369
1764077523483 5.0 379
1764077525271 5.0 389
1764077527017 5.0 399
1764077528760 5.0 409
1764077530492 5.0 419
1764077532226 5.0 429
1764077533958 5.0 439
1764077535492 5.0 443
1764077536565 6.0 449
1764077538298 6.0 459
1764077540076 6.0 469
1764077541865 6.0 479
1764077543615 6.0 489
1764077545368 6.0 499
1764077547133 6.0 509
1764077549369 6.0 517
1764077549735 7.0 519
1764077551469 7.0 529
1764077553216 7.0 539
1764077555013 7.0 549
1764077556808 7.0 559
1764077558560 7.0 569
1764077560302 7.0 579
1764077562062 7.0 589
1764077563246 7.0 591
1764077564646 8.0 599
1764077566412 8.0 609
1764077568176 8.0 619
1764077569957 8.0 629
1764077571747 8.0 639
1764077573503 8.0 649
1764077575269 8.0 659
1764077577163 8.0 665
1764077577873 9.0 669
1764077579607 9.0 679
1764077581336 9.0 689
1764077583085 9.0 699
1764077584860 9.0 709
1764077586624 9.0 719
1764077588360 9.0 729
1764077590073 9.0 739
1764077590988 9.0 739
1764077592736 10.0 749
1764077594469 10.0 759
1764077596202 10.0 769
1764077597967 10.0 779
1764077599734 10.0 789
1764077601491 10.0 799
1764077603242 10.0 809
1764077604771 10.0 813
1764077605820 11.0 819
1764077607557 11.0 829
1764077609340 11.0 839
1764077611094 11.0 849
1764077612837 11.0 859
1764077614580 11.0 869
1764077616390 11.0 879
1764077618632 11.0 887
1764077619001 12.0 889
1764077620751 12.0 899
1764077622487 12.0 909
1764077624235 12.0 919
1764077625987 12.0 929
1764077627724 12.0 939
1764077629504 12.0 949
1764077631277 12.0 959
1764077632458 12.0 961
1764077633892 13.0 969
1764077635658 13.0 979
1764077637419 13.0 989
1764077639157 13.0 999
1764077640905 13.0 1009
1764077642645 13.0 1019
1764077644394 13.0 1029
1764077646337 13.0 1035
1764077647066 14.0 1039
1764077648828 14.0 1049
1764077650565 14.0 1059
1764077652298 14.0 1069
1764077654039 14.0 1079
1764077655779 14.0 1089
1764077657515 14.0 1099
1764077659235 14.0 1109
1764077660188 14.0 1109
1764077661986 15.0 1119
1764077663727 15.0 1129
1764077665477 15.0 1139
1764077667222 15.0 1149
1764077668954 15.0 1159
1764077670687 15.0 1169
1764077672441 15.0 1179
1764077673992 15.0 1183
1764077675065 16.0 1189
1764077676827 16.0 1199
1764077678560 16.0 1209
1764077680309 16.0 1219
1764077682063 16.0 1229
1764077683794 16.0 1239
1764077685524 16.0 1249
1764077687797 16.0 1257
1764077688161 17.0 1259
1764077689913 17.0 1269
1764077691711 17.0 1279
1764077693439 17.0 1289
1764077695176 17.0 1299
1764077696906 17.0 1309
1764077698655 17.0 1319
1764077700409 17.0 1329
1764077701590 17.0 1331
1764077702989 18.0 1339
1764077704736 18.0 1349
1764077706540 18.0 1359
1764077708280 18.0 1369
1764077710043 18.0 1379
1764077711790 18.0 1389
1764077713729 18.0 1399
1764077715680 18.0 1405
1764077716403 19.0 1409
1764077718184 19.0 1419
1764077719924 19.0 1429
1764077721719 19.0 1439
1764077723480 19.0 1449
1764077725256 19.0 1459
1764077727057 19.0 1469
1764077728755 19.0 1479
1764077729694 19.0 1479
1764077731453 20.0 1489
1764077733220 20.0 1499
1764077734979 20.0 1509
1764077736780 20.0 1519
1764077738596 20.0 1529
1764077740359 20.0 1539
1764077742178 20.0 1549
1764077743745 20.0 1553
1764077744823 21.0 1559
1764077746607 21.0 1569
1764077748365 21.0 1579
1764077750154 21.0 1589
1764077751949 21.0 1599
1764077753743 21.0 1609
1764077755515 21.0 1619
1764077758022 21.0 1627
1764077758436 22.0 1629
1764077760190 22.0 1639
1764077761951 22.0 1649
1764077763693 22.0 1659
1764077765449 22.0 1669
1764077767217 22.0 1679
1764077768992 22.0 1689
1764077770796 22.0 1699
1764077771997 22.0 1701
1764077773417 23.0 1709
1764077775202 23.0 1719
1764077776948 23.0 1729
1764077778717 23.0 1739
1764077780484 23.0 1749
1764077782233 23.0 1759
1764077783965 23.0 1769
1764077785867 23.0 1775
1764077786585 24.0 1779
1764077788310 24.0 1789
1764077790041 24.0 1799
1764077791767 24.0 1809
1764077793503 24.0 1819
1764077795230 24.0 1829
1764077796996 24.0 1839
1764077798703 24.0 1849
1764077799678 24.0 1849
1764077801436 25.0 1859
1764077803176 25.0 1869
1764077804928 25.0 1879
1764077806662 25.0 1889
1764077808404 25.0 1899
1764077810173 25.0 1909
1764077811946 25.0 1919
1764077813508 25.0 1923
1764077814577 26.0 1929
1764077816318 26.0 1939
1764077818063 26.0 1949
1764077819802 26.0 1959
1764077821542 26.0 1969
1764077823298 26.0 1979
1764077825077 26.0 1989
1764077827407 26.0 1997
1764077827781 27.0 1999
1764077829552 27.0 2009
1764077831290 27.0 2019
1764077833043 27.0 2029
1764077834829 27.0 2039
1764077836596 27.0 2049
1764077838377 27.0 2059
1764077840145 27.0 2069
1764077841374 27.0 2071
1764077842843 28.0 2079
1764077844641 28.0 2089
1764077846386 28.0 2099
1764077848133 28.0 2109
1764077849887 28.0 2119
1764077851625 28.0 2129
1764077853383 28.0 2139
1764077855291 28.0 2145
1764077856013 29.0 2149
1764077857787 29.0 2159
1764077859544 29.0 2169
1764077861286 29.0 2179
1764077863021 29.0 2189
1764077864802 29.0 2199
1764077866550 29.0 2209
1764077868297 29.0 2219
1764077869206 29.0 2219
1764077870979 30.0 2229
1764077872772 30.0 2239
1764077874517 30.0 2249
1764077876268 30.0 2259
1764077878010 30.0 2269
1764077879752 30.0 2279
1764077881518 30.0 2289
1764077883082 30.0 2293
1764077884155 31.0 2299
1764077885903 31.0 2309
1764077887687 31.0 2319
1764077889436 31.0 2329
1764077891168 31.0 2339
1764077892928 31.0 2349
1764077894673 31.0 2359
1764077896924 31.0 2367
1764077897290 32.0 2369
1764077899023 32.0 2379
1764077900785 32.0 2389
1764077902570 32.0 2399
1764077904436 32.0 2409
1764077906183 32.0 2419
1764077907920 32.0 2429
1764077909677 32.0 2439
1764077910857 32.0 2441
1764077912274 33.0 2449
1764077914021 33.0 2459
1764077915757 33.0 2469
1764077917548 33.0 2479
1764077919300 33.0 2489
1764077921049 33.0 2499
1764077922795 33.0 2509
1764077924721 33.0 2515
1764077925433 34.0 2519
1764077927186 34.0 2529
1764077928960 34.0 2539
1764077930705 34.0 2549
1764077932497 34.0 2559
1764077934272 34.0 2569
1764077936033 34.0 2579
1764077937710 34.0 2589
1764077938658 34.0 2589
1764077940408 35.0 2599
1764077942190 35.0 2609
1764077943951 35.0 2619
1764077945728 35.0 2629
1764077947489 35.0 2639
1764077949261 35.0 2649
1764077951011 35.0 2659
1764077952531 35.0 2663
1764077953576 36.0 2669
1764077955328 36.0 2679
1764077957066 36.0 2689
1764077958825 36.0 2699
1764077960563 36.0 2709
1764077962350 36.0 2719
1764077964100 36.0 2729
1764077966351 36.0 2737
1764077966712 37.0 2739
1764077968466 37.0 2749
1764077970235 37.0 2759
1764077971982 37.0 2769
1764077973736 37.0 2779
1764077975477 37.0 2789
1764077977249 37.0 2799
1764077979059 37.0 2809
1764077980255 37.0 2811
1764077981687 38.0 2819
1764077983452 38.0 2829
1764077985211 38.0 2839
1764077986995 38.0 2849
1764077988734 38.0 2859
1764077990503 38.0 2869
1764077992250 38.0 2879
1764077994207 38.0 2885
1764077994935 39.0 2889
1764077996718 39.0 2899
1764077998456 39.0 2909
1764078000221 39.0 2919
1764078001967 39.0 2929
1764078003724 39.0 2939
1764078005470 39.0 2949
1764078007190 39.0 2959
1764078008159 39.0 2959
1764078009980 40.0 2969
1764078011761 40.0 2979
1764078013537 40.0 2989
1764078015322 40.0 2999
1764078017075 40.0 3009
1764078018825 40.0 3019
1764078020580 40.0 3029
1764078022145 40.0 3033
1764078023225 41.0 3039
1764078024987 41.0 3049
1764078026764 41.0 3059
1764078028513 41.0 3069
1764078030248 41.0 3079
1764078031986 41.0 3089
1764078033711 41.0 3099
1764078035982 41.0 3107
1764078036345 42.0 3109
1764078038098 42.0 3119
1764078039865 42.0 3129
1764078041643 42.0 3139
1764078043405 42.0 3149
1764078045142 42.0 3159
1764078046875 42.0 3169
1764078048654 42.0 3179
1764078049852 42.0 3181
1764078051275 43.0 3189
1764078053037 43.0 3199
1764078054787 43.0 3209
1764078056553 43.0 3219
1764078058292 43.0 3229
1764078060023 43.0 3239
1764078061779 43.0 3249
1764078063686 43.0 3255
1764078064420 44.0 3259
1764078066178 44.0 3269
1764078067924 44.0 3279
1764078069668 44.0 3289
1764078071472 44.0 3299
1764078073209 44.0 3309
1764078074957 44.0 3319
1764078076660 44.0 3329
1764078077599 44.0 3329
1764078079351 45.0 3339
1764078081096 45.0 3349
1764078082871 45.0 3359
1764078084850 45.0 3369
1764078086706 45.0 3379
1764078088478 45.0 3389
1764078090293 45.0 3399
1764078091846 45.0 3403
1764078092900 46.0 3409
1764078094627 46.0 3419
1764078096405 46.0 3429
1764078098138 46.0 3439
1764078099872 46.0 3449
1764078101634 46.0 3459
1764078103387 46.0 3469
1764078105665 46.0 3477
1764078106051 47.0 3479
1764078107821 47.0 3489
1764078109582 47.0 3499
1764078111313 47.0 3509
1764078113057 47.0 3519
1764078114795 47.0 3529
1764078116542 47.0 3539
1764078118301 47.0 3549
1764078119506 47.0 3551
1764078120973 48.0 3559
1764078122720 48.0 3569
1764078124487 48.0 3579
1764078126237 48.0 3589
1764078128025 48.0 3599
1764078129778 48.0 3609
1764078131538 48.0 3619
1764078133437 48.0 3625
1764078134175 49.0 3629
1764078135960 49.0 3639
1764078137749 49.0 3649
1764078139528 49.0 3659
1764078141273 49.0 3669
1764078143054 49.0 3679
1764078144824 49.0 3689
1764078146599 49.0 3699
1764078147526 49.0 3699
1764078149309 50.0 3709
1764078151079 50.0 3719
1764078152840 50.0 3729
1764078154607 50.0 3739
1764078156339 50.0 3749
1764078158096 50.0 3759
1764078159899 50.0 3769
1764078161704 50.0 3773
1764078162860 51.0 3779
1764078164711 51.0 3789
1764078166531 51.0 3799
1764078168285 51.0 3809
1764078170041 51.0 3819
1764078171781 51.0 3829
1764078173539 51.0 3839
1764078175852 51.0 3847
1764078176403 52.0 3849
1764078178203 52.0 3859
1764078179928 52.0 3869
1764078181655 52.0 3879
1764078183388 52.0 3889
1764078185117 52.0 3899
1764078186855 52.0 3909
1764078188629 52.0 3919
1764078189962 52.0 3921
1764078191481 53.0 3929
1764078193220 53.0 3939
1764078194948 53.0 3949
1764078196778 53.0 3959
1764078198561 53.0 3969
1764078200322 53.0 3979
1764078202098 53.0 3989
1764078204055 53.0 3995
1764078204767 54.0 3999
1764078206589 54.0 4009
1764078208361 54.0 4019
1764078210093 54.0 4029
1764078211830 54.0 4039
1764078213655 54.0 4049
1764078215404 54.0 4059
1764078217160 54.0 4069
1764078218067 54.0 4069
1764078219845 55.0 4079
1764078221605 55.0 4089
1764078223438 55.0 4099
1764078225218 55.0 4109
1764078226971 55.0 4119
1764078228765 55.0 4129
1764078230581 55.0 4139
1764078232127 55.0 4143
1764078233218 56.0 4149
1764078234985 56.0 4159
1764078236750 56.0 4169
1764078238503 56.0 4179
1764078240277 56.0 4189
1764078242188 56.0 4199
1764078243985 56.0 4209
1764078246385 56.0 4217
1764078246768 57.0 4219
1764078248621 57.0 4229
1764078250400 57.0 4239
1764078252144 57.0 4249
1764078253886 57.0 4259
1764078255631 57.0 4269
1764078257386 57.0 4279
1764078259127 57.0 4289
1764078260426 57.0 4291
1764078261879 58.0 4299
1764078263689 58.0 4309
1764078265473 58.0 4319
1764078267266 58.0 4329
1764078269032 58.0 4339
1764078270794 58.0 4349
1764078272621 58.0 4359
1764078274584 58.0 4365
1764078275313 59.0 4369
1764078277092 59.0 4379
1764078278908 59.0 4389
1764078280719 59.0 4399
1764078282569 59.0 4409
1764078284366 59.0 4419
1764078286117 59.0 4429
1764078287886 59.0 4439
1764078288809 59.0 4439
1764078290636 60.0 4449
1764078292392 60.0 4459
1764078294144 60.0 4469
1764078295942 60.0 4479
1764078297730 60.0 4489
1764078299486 60.0 4499
1764078301287 60.0 4509
1764078302816 60.0 4513
1764078303912 61.0 4519
1764078305718 61.0 4529
1764078307510 61.0 4539
1764078309254 61.0 4549
1764078311113 61.0 4559
1764078312949 61.0 4569
1764078314710 61.0 4579
1764078317115 61.0 4587
1764078317490 62.0 4589
1764078319478 62.0 4599
1764078321260 62.0 4609
1764078323108 62.0 4619
1764078324847 62.0 4629
1764078326574 62.0 4639
1764078328296 62.0 4649
1764078330065 62.0 4659
1764078331235 62.0 4661
1764078332648 63.0 4669
1764078334405 63.0 4679
1764078336143 63.0 4689
1764078337869 63.0 4699
1764078339609 63.0 4709
1764078341359 63.0 4719
1764078343099 63.0 4729
1764078344997 63.0 4735
1764078345708 64.0 4739
1764078347451 64.0 4749
1764078349218 64.0 4759
1764078351003 64.0 4769
1764078352739 64.0 4779
1764078354475 64.0 4789
1764078356202 64.0 4799
1764078357911 64.0 4809
1764078358852 64.0 4809
1764078360616 65.0 4819
1764078362362 65.0 4829
1764078364163 65.0 4839
1764078365954 65.0 4849
1764078367694 65.0 4859
1764078369430 65.0 4869
1764078371188 65.0 4879
1764078372732 65.0 4883
1764078373783 66.0 4889
1764078375521 66.0 4899
1764078377282 66.0 4909
1764078379032 66.0 4919
1764078380904 66.0 4929
1764078382668 66.0 4939
1764078384408 66.0 4949
1764078386678 66.0 4957
1764078387048 67.0 4959
1764078388784 67.0 4969
1764078390552 67.0 4979
1764078392306 67.0 4989
1764078394051 67.0 4999
1764078395866 67.0 5009
1764078397643 67.0 5019
1764078399421 67.0 5029
1764078400641 67.0 5031
1764078402047 68.0 5039
1764078403790 68.0 5049
1764078405515 68.0 5059
1764078407239 68.0 5069
1764078408988 68.0 5079
1764078411054 68.0 5089
1764078412838 68.0 5099
1764078414764 68.0 5105
1764078415547 69.0 5109
1764078417301 69.0 5119
1764078419052 69.0 5129
1764078420783 69.0 5139
1764078422516 69.0 5149
1764078424249 69.0 5159
1764078426063 69.0 5169
1764078427743 69.0 5179
1764078428711 69.0 5179
1764078430458 70.0 5189
1764078432225 70.0 5199
1764078434010 70.0 5209
1764078435745 70.0 5219
1764078437475 70.0 5229
1764078439204 70.0 5239
1764078441053 70.0 5249
1764078442662 70.0 5253
1764078443735 71.0 5259
1764078445469 71.0 5269
1764078447200 71.0 5279
1764078448927 71.0 5289
1764078450657 71.0 5299
1764078452392 71.0 5309
1764078454179 71.0 5319
1764078456489 71.0 5327
1764078456862 72.0 5329
1764078458603 72.0 5339
1764078460335 72.0 5349
1764078462083 72.0 5359
1764078463830 72.0 5369
1764078465556 72.0 5379
1764078467284 72.0 5389
1764078469023 72.0 5399
1764078470284 72.0 5401
1764078471733 73.0 5409
1764078473488 73.0 5419
1764078475242 73.0 5429
1764078476973 73.0 5439
1764078478713 73.0 5449
1764078480445 73.0 5459
1764078482184 73.0 5469
1764078484057 73.0 5475
1764078484801 74.0 5479
1764078486633 74.0 5489
1764078488386 74.0 5499
1764078490125 74.0 5509
1764078491853 74.0 5519
1764078493583 74.0 5529
1764078495311 74.0 5539
1764078496997 74.0 5549
1764078497926 74.0 5549
1764078499687 75.0 5559
1764078501487 75.0 5569
1764078503240 75.0 5579
1764078505202 75.0 5589
1764078507048 75.0 5599
1764078508800 75.0 5609
1764078510545 75.0 5619
1764078512179 75.0 5623
1764078513270 76.0 5629
1764078515020 76.0 5639
1764078516886 76.0 5649
1764078518640 76.0 5659
1764078520399 76.0 5669
1764078522129 76.0 5679
1764078523870 76.0 5689
1764078526252 76.0 5697
1764078526627 77.0 5699
1764078528361 77.0 5709
1764078530181 77.0 5719
1764078531943 77.0 5729
1764078533723 77.0 5739
1764078535856 77.0 5749
1764078537638 77.0 5759
1764078539457 77.0 5769
1764078540650 77.0 5771
1764078542075 78.0 5779
1764078543809 78.0 5789
1764078545588 78.0 5799
1764078547381 78.0 5809
1764078549271 78.0 5819
1764078551070 78.0 5829
1764078552866 78.0 5839
1764078554878 78.0 5845
1764078555635 79.0 5849
1764078557492 79.0 5859
1764078559353 79.0 5869
1764078561249 79.0 5879
1764078563683 79.0 5889
1764078565853 79.0 5899
1764078567693 79.0 5909
1764078569523 79.0 5919
1764078570525 79.0 5919
