1764077453371 0.4432153105735779 9
1764077455139 0.37728530168533325 19
1764077456890 0.41934725642204285 29
1764077458648 0.2632058262825012 39
1764077460386 0.26192647218704224 49
1764077462135 0.22792132198810577 59
1764077463897 0.26293638348579407 69
1764077467204 1.532023549079895 79
1764077469024 0.17975226044654846 89
1764077470783 0.2212194800376892 99
1764077472553 1.2696304321289062 109
1764077474311 0.151479572057724 119
1764077476058 0.23185834288597107 129
1764077477814 0.15931379795074463 139
1764077480461 0.12056766450405121 149
1764077482224 0.12641936540603638 159
1764077483982 0.15744097530841827 169
1764077485732 0.18859267234802246 179
1764077487484 0.15117694437503815 189
1764077489225 0.15032832324504852 199
1764077490964 0.17856770753860474 209
1764077492745 0.1472141146659851 219
1764077495395 0.14733558893203735 229
1764077497137 0.1120842918753624 239
1764077498865 0.14303883910179138 249
1764077500617 0.12141454219818115 259
1764077502367 0.1026814803481102 269
1764077504121 2.7557032108306885 279
1764077505876 0.12382746487855911 289
1764077508495 0.09885060042142868 299
1764077510260 0.13138435781002045 309
1764077512016 0.12268923223018646 319
1764077513773 0.10479351878166199 329
1764077515508 0.11063758283853531 339
1764077517269 1.0033676624298096 349
1764077518995 0.0997263640165329 359
1764077520734 0.09275960922241211 369
1764077523483 0.08997377753257751 379
1764077525271 0.09171603620052338 389
1764077527017 0.09740518778562546 399
1764077528760 0.09684981405735016 409
1764077530492 0.07346108555793762 419
1764077532226 0.0816417708992958 429
1764077533958 0.07407531142234802 439
1764077536565 0.08761544525623322 449
1764077538298 0.08901510387659073 459
1764077540076 0.06925317645072937 469
1764077541865 2.2209737300872803 479
1764077543615 0.08000358194112778 489
1764077545368 0.069098100066185 499
1764077547133 0.0809093564748764 509
1764077549735 1.1277308464050293 519
1764077551469 0.11828102171421051 529
1764077553216 0.09122731536626816 539
1764077555013 0.08067932724952698 549
1764077556808 0.09371857345104218 559
1764077558560 1.3959115743637085 569
1764077560302 0.0720876082777977 579
1764077562062 0.056807734072208405 589
1764077564646 0.05280381441116333 599
1764077566412 1.385040283203125 609
1764077568176 0.07582834362983704 619
1764077569957 0.06510146707296371 629
1764077571747 0.0631898045539856 639
1764077573503 0.05618681758642197 649
1764077575269 0.06511418521404266 659
1764077577873 0.06508338451385498 669
1764077579607 0.06214550882577896 679
1764077581336 0.08362710475921631 689
1764077583085 0.07339411973953247 699
1764077584860 0.08052688837051392 709
1764077586624 0.12911640107631683 719
1764077588360 0.09926405549049377 729
1764077590073 0.07776612043380737 739
1764077592736 0.08780445158481598 749
1764077594469 0.06549714505672455 759
1764077596202 0.06495709717273712 769
1764077597967 0.08091559261083603 779
1764077599734 0.061033524572849274 789
1764077601491 1.1874051094055176 799
1764077603242 0.06445140391588211 809
1764077605820 0.07591971755027771 819
1764077607557 1.4095317125320435 829
1764077609340 0.07556156814098358 839
1764077611094 0.0755704939365387 849
1764077612837 0.08037018775939941 859
1764077614580 0.08539228141307831 869
1764077616390 0.09699998795986176 879
1764077619001 0.07706378400325775 889
1764077620751 0.06540602445602417 899
1764077622487 0.08270951360464096 909
1764077624235 0.08391837030649185 919
1764077625987 0.06967443227767944 929
1764077627724 0.9247995615005493 939
1764077629504 0.07281531393527985 949
1764077631277 0.07039418071508408 959
1764077633892 0.07328927516937256 969
1764077635658 0.0807589665055275 979
1764077637419 0.0778188705444336 989
1764077639157 0.06093520671129227 999
1764077640905 0.07241681218147278 1009
1764077642645 0.058602720499038696 1019
1764077644394 0.07161638140678406 1029
1764077647066 0.06666357815265656 1039
1764077648828 0.0761827826499939 1049
1764077650565 0.0801486223936081 1059
1764077652298 0.06977958977222443 1069
1764077654039 0.0761163979768753 1079
1764077655779 0.10600961744785309 1089
1764077657515 0.0982368141412735 1099
1764077659235 0.09517117589712143 1109
1764077661986 0.8480643033981323 1119
1764077663727 0.13388019800186157 1129
1764077665477 0.08958110213279724 1139
1764077667222 0.0802946388721466 1149
1764077668954 0.0760120302438736 1159
1764077670687 0.06958912312984467 1169
1764077672441 0.0671856477856636 1179
1764077675065 0.055777378380298615 1189
1764077676827 0.06257686018943787 1199
1764077678560 0.06816506385803223 1209
1764077680309 1.2795761823654175 1219
1764077682063 0.7456088662147522 1229
1764077683794 0.13690367341041565 1239
1764077685524 0.10092055797576904 1249
1764077688161 0.072722427546978 1259
1764077689913 0.08163030445575714 1269
1764077691711 0.0640350878238678 1279
1764077693439 1.0603160858154297 1289
1764077695176 0.14164119958877563 1299
1764077696906 0.07447081804275513 1309
1764077698655 0.3769327998161316 1319
1764077700409 0.07097439467906952 1329
1764077702989 0.07301538437604904 1339
1764077704736 0.07442855834960938 1349
1764077706540 0.05815599858760834 1359
1764077708280 0.08401579409837723 1369
1764077710043 0.0730445384979248 1379
1764077711790 0.060850054025650024 1389
1764077713729 0.6156489253044128 1399
1764077716403 0.10916157066822052 1409
1764077718184 0.0853906124830246 1419
1764077719924 0.12212301790714264 1429
1764077721719 0.08741340041160583 1439
1764077723480 0.06578515470027924 1449
1764077725256 0.2699200510978699 1459
1764077727057 0.10492396354675293 1469
1764077728755 0.09331029653549194 1479
1764077731453 0.09787113964557648 1489
1764077733220 0.7310337424278259 1499
1764077734979 1.6988261938095093 1509
1764077736780 0.07446379959583282 1519
1764077738596 0.06084013730287552 1529
1764077740359 0.6219146251678467 1539
1764077742178 0.06764799356460571 1549
1764077744823 0.04961036145687103 1559
1764077746607 0.06563679873943329 1569
1764077748365 0.05668409913778305 1579
1764077750154 0.0510699562728405 1589
1764077751949 0.5481570959091187 1599
1764077753743 0.04901055246591568 1609
1764077755515 0.060767389833927155 1619
1764077758436 0.09429207444190979 1629
1764077760190 0.0677078440785408 1639
1764077761951 0.11039688438177109 1649
1764077763693 0.07840010523796082 1659
1764077765449 0.15075379610061646 1669
1764077767217 1.2335689067840576 1679
1764077768992 0.13007491827011108 1689
1764077770796 0.07831209152936935 1699
1764077773417 0.07021258026361465 1709
1764077775202 0.08299368619918823 1719
1764077776948 0.07185450941324234 1729
1764077778717 0.06887319684028625 1739
1764077780484 0.07454922795295715 1749
1764077782233 0.1824120134115219 1759
1764077783965 0.07770074158906937 1769
1764077786585 0.08396503329277039 1779
1764077788310 1.4508910179138184 1789
1764077790041 0.09540726244449615 1799
1764077791767 0.31245294213294983 1809
1764077793503 0.09879511594772339 1819
1764077795230 1.3992594480514526 1829
1764077796996 0.08507484942674637 1839
1764077798703 0.09018535912036896 1849
1764077801436 0.08158381283283234 1859
1764077803176 0.34850043058395386 1869
1764077804928 0.07242155820131302 1879
1764077806662 0.08179228007793427 1889
1764077808404 0.07254655659198761 1899
1764077810173 0.13023118674755096 1909
1764077811946 0.0787537544965744 1919
1764077814577 0.08854098618030548 1929
1764077816318 0.0860530436038971 1939
1764077818063 0.3983648419380188 1949
1764077819802 0.6791502833366394 1959
1764077821542 0.7802092432975769 1969
1764077823298 0.5958742499351501 1979
1764077825077 0.3283854126930237 1989
1764077827781 0.2163315713405609 1999
1764077829552 0.06692476570606232 2009
1764077831290 0.08109299838542938 2019
1764077833043 0.26188990473747253 2029
1764077834829 0.07655744254589081 2039
1764077836596 0.06858090311288834 2049
1764077838377 0.23454171419143677 2059
1764077840145 0.055677630007267 2069
1764077842843 0.04691634327173233 2079
1764077844641 0.04858853295445442 2089
1764077846386 0.046171434223651886 2099
1764077848133 0.04391991347074509 2109
1764077849887 0.16255226731300354 2119
1764077851625 0.20218700170516968 2129
1764077853383 0.055249083787202835 2139
1764077856013 0.05285844951868057 2149
1764077857787 0.16850711405277252 2159
1764077859544 0.052853114902973175 2169
1764077861286 0.05355769768357277 2179
1764077863021 0.05097510665655136 2189
1764077864802 0.04384296387434006 2199
1764077866550 0.05212455242872238 2209
1764077868297 0.03890617564320564 2219
1764077870979 0.04062124714255333 2229
1764077872772 0.043578267097473145 2239
1764077874517 0.045253075659275055 2249
1764077876268 0.05515611916780472 2259
1764077878010 0.040124185383319855 2269
1764077879752 0.11524350196123123 2279
1764077881518 0.04337520897388458 2289
1764077884155 0.0406833291053772 2299
1764077885903 0.03923286497592926 2309
1764077887687 0.041767824441194534 2319
1764077889436 0.049793846905231476 2329
1764077891168 0.047653742134571075 2339
1764077892928 0.08750379085540771 2349
1764077894673 0.052097517997026443 2359
1764077897290 0.05259130895137787 2369
1764077899023 0.03302418440580368 2379
1764077900785 0.0358319953083992 2389
1764077902570 0.08349122107028961 2399
1764077904436 0.046653714030981064 2409
1764077906183 0.043989475816488266 2419
1764077907920 0.04035094380378723 2429
1764077909677 0.04835861921310425 2439
1764077912274 0.03326769545674324 2449
1764077914021 0.07049049437046051 2459
1764077915757 0.5112534761428833 2469
1764077917548 0.051291268318891525 2479
1764077919300 0.04856976494193077 2489
1764077921049 0.11917392164468765 2499
1764077922795 0.04324788972735405 2509
1764077925433 0.13592103123664856 2519
1764077927186 0.04912007600069046 2529
1764077928960 0.05838974192738533 2539
1764077930705 0.03773118928074837 2549
1764077932497 0.04096584767103195 2559
1764077934272 0.09645205736160278 2569
1764077936033 0.039638206362724304 2579
1764077937710 0.033127568662166595 2589
1764077940408 0.04794979467988014 2599
1764077942190 0.054568689316511154 2609
1764077943951 0.03583062067627907 2619
1764077945728 0.05224662646651268 2629
1764077947489 0.033078666776418686 2639
1764077949261 0.041032761335372925 2649
1764077951011 0.036708660423755646 2659
1764077953576 0.0372704416513443 2669
1764077955328 0.058980267494916916 2679
1764077957066 0.04590938985347748 2689
1764077958825 0.04184930771589279 2699
1764077960563 0.03939395770430565 2709
1764077962350 0.044630229473114014 2719
1764077964100 0.037288546562194824 2729
1764077966712 0.03639766201376915 2739
1764077968466 0.056534960865974426 2749
1764077970235 0.054619625210762024 2759
1764077971982 0.04130535572767258 2769
1764077973736 0.03778356313705444 2779
1764077975477 0.5604264736175537 2789
1764077977249 0.07453770190477371 2799
1764077979059 0.07256773859262466 2809
1764077981687 0.04750320315361023 2819
1764077983452 0.0622388981282711 2829
1764077985211 0.06027941405773163 2839
1764077986995 0.05314505100250244 2849
1764077988734 0.04805454611778259 2859
1764077990503 0.06265966594219208 2869
1764077992250 0.06572724878787994 2879
1764077994935 0.1158641129732132 2889
1764077996718 0.09088772535324097 2899
1764077998456 0.09214302897453308 2909
1764078000221 0.8205969929695129 2919
1764078001967 0.1255149245262146 2929
1764078003724 0.10704714059829712 2939
1764078005470 0.11416573822498322 2949
1764078007190 0.10916844755411148 2959
1764078009980 0.11491550505161285 2969
1764078011761 1.0771586894989014 2979
1764078013537 0.13627487421035767 2989
1764078015322 0.13688570261001587 2999
1764078017075 0.12181051075458527 3009
1764078018825 0.1028110608458519 3019
1764078020580 0.07141006737947464 3029
1764078023225 0.09463167935609818 3039
1764078024987 1.0827151536941528 3049
1764078026764 0.09564551711082458 3059
1764078028513 0.09970352053642273 3069
1764078030248 0.06980772316455841 3079
1764078031986 0.07463844120502472 3089
1764078033711 0.15491630136966705 3099
1764078036345 0.058766551315784454 3109
1764078038098 0.0605010911822319 3119
1764078039865 0.05703621357679367 3129
1764078041643 0.049965571612119675 3139
1764078043405 0.05703336000442505 3149
1764078045142 0.36119064688682556 3159
1764078046875 0.10363925993442535 3169
1764078048654 0.09079090505838394 3179
1764078051275 0.5103360414505005 3189
1764078053037 0.24855861067771912 3199
1764078054787 0.06324423849582672 3209
1764078056553 0.1773241013288498 3219
1764078058292 0.052383650094270706 3229
1764078060023 0.060670219361782074 3239
1764078061779 0.1637469232082367 3249
1764078064420 0.05340592563152313 3259
1764078066178 0.05040579289197922 3269
1764078067924 0.04873611778020859 3279
1764078069668 0.06836938858032227 3289
1764078071472 0.05556631460785866 3299
1764078073209 0.4736652374267578 3309
1764078074957 0.1285802125930786 3319
1764078076660 0.059877559542655945 3329
1764078079351 0.08939129114151001 3339
1764078081096 0.05805355682969093 3349
1764078082871 0.4682823121547699 3359
1764078084850 0.03754841536283493 3369
1764078086706 0.04962722584605217 3379
1764078088478 0.045130714774131775 3389
1764078090293 0.11711552739143372 3399
1764078092900 0.058658573776483536 3409
1764078094627 0.0499613881111145 3419
1764078096405 0.04827537387609482 3429
1764078098138 0.07697953283786774 3439
1764078099872 0.06355948746204376 3449
1764078101634 0.08219331502914429 3459
1764078103387 0.05108438432216644 3469
1764078106051 0.05122403800487518 3479
1764078107821 0.04409109055995941 3489
1764078109582 0.0426875576376915 3499
1764078111313 0.11417899280786514 3509
1764078113057 0.3719063997268677 3519
1764078114795 0.044798485934734344 3529
1764078116542 0.05011773854494095 3539
1764078118301 0.07487329840660095 3549
1764078120973 0.08908484876155853 3559
1764078122720 0.0667615458369255 3569
1764078124487 0.05450592190027237 3579
1764078126237 0.08552520722150803 3589
1764078128025 0.05398701876401901 3599
1764078129778 0.13385960459709167 3609
1764078131538 0.05134674534201622 3619
1764078134175 0.08875639736652374 3629
1764078135960 0.04765300452709198 3639
1764078137749 0.04004024714231491 3649
1764078139528 0.048524923622608185 3659
1764078141273 0.041786208748817444 3669
1764078143054 0.03885040059685707 3679
1764078144824 0.042085565626621246 3689
1764078146599 0.07258259505033493 3699
1764078149309 0.04280756786465645 3709
1764078151079 0.06539775431156158 3719
1764078152840 0.037950336933135986 3729
1764078154607 0.05227883905172348 3739
1764078156339 0.0424208790063858 3749
1764078158096 0.039171479642391205 3759
1764078159899 0.0370253250002861 3769
1764078162860 0.03626234084367752 3779
1764078164711 0.2178521752357483 3789
1764078166531 0.04286244511604309 3799
1764078168285 0.12589411437511444 3809
1764078170041 0.03813524171710014 3819
1764078171781 0.035789936780929565 3829
1764078173539 0.03494914993643761 3839
1764078176403 0.0360979363322258 3849
1764078178203 0.4198945462703705 3859
1764078179928 0.06302869319915771 3869
1764078181655 0.03971695154905319 3879
1764078183388 0.030755775049328804 3889
1764078185117 0.03883422538638115 3899
1764078186855 0.11940635740756989 3909
1764078188629 0.04187322407960892 3919
1764078191481 0.034026000648736954 3929
1764078193220 0.030557122081518173 3939
1764078194948 0.03947583958506584 3949
1764078196778 0.030724938958883286 3959
1764078198561 0.03988819569349289 3969
1764078200322 0.03294741362333298 3979
1764078202098 0.05914873629808426 3989
1764078204767 0.03549688309431076 3999
1764078206589 0.06267410516738892 4009
1764078208361 0.3619481921195984 4019
1764078210093 0.03287050127983093 4029
1764078211830 0.031088661402463913 4039
1764078213655 0.044927746057510376 4049
1764078215404 0.040830109268426895 4059
1764078217160 0.04241643100976944 4069
1764078219845 0.034497592598199844 4079
1764078221605 0.03929782286286354 4089
1764078223438 0.031374573707580566 4099
1764078225218 0.03048238903284073 4109
1764078226971 0.08178362250328064 4119
1764078228765 0.04293453320860863 4129
1764078230581 0.0375075563788414 4139
1764078233218 0.09920608997344971 4149
1764078234985 0.032379359006881714 4159
1764078236750 0.03748136758804321 4169
1764078238503 0.028889065608382225 4179
1764078240277 0.030781639739871025 4189
1764078242188 0.033161383122205734 4199
1764078243985 0.03159199655056 4209
1764078246768 0.057674333453178406 4219
1764078248621 0.18104255199432373 4229
1764078250400 0.030460476875305176 4239
1764078252144 0.039401888847351074 4249
1764078253886 0.032512109726667404 4259
1764078255631 0.038882121443748474 4269
1764078257386 0.03790484741330147 4279
1764078259127 0.031418778002262115 4289
1764078261879 0.04053926467895508 4299
1764078263689 0.02991947904229164 4309
1764078265473 0.040134817361831665 4319
1764078267266 0.04354110360145569 4329
1764078269032 0.037515223026275635 4339
1764078270794 0.03830737993121147 4349
1764078272621 0.03192446380853653 4359
1764078275313 0.0483984537422657 4369
1764078277092 0.08873842656612396 4379
1764078278908 0.043228574097156525 4389
1764078280719 0.030852822586894035 4399
1764078282569 0.07430998980998993 4409
1764078284366 0.030424190685153008 4419
1764078286117 0.035722099244594574 4429
1764078287886 0.11271682381629944 4439
1764078290636 0.0352664440870285 4449
1764078292392 0.03625611215829849 4459
1764078294144 0.061713434755802155 4469
1764078295942 0.03141611069440842 4479
1764078297730 0.050828807055950165 4489
1764078299486 0.029159344732761383 4499
1764078301287 0.03845919296145439 4509
1764078303912 0.04038183391094208 4519
1764078305718 0.05563107877969742 4529
1764078307510 0.083899587392807 4539
1764078309254 0.03363858908414841 4549
1764078311113 0.0374222993850708 4559
1764078312949 0.036790311336517334 4569
1764078314710 0.03075272962450981 4579
1764078317490 0.03573957830667496 4589
1764078319478 0.032304566353559494 4599
1764078321260 0.026680707931518555 4609
1764078323108 0.03070126660168171 4619
1764078324847 0.02958834543824196 4629
1764078326574 0.03283900022506714 4639
1764078328296 0.0315980538725853 4649
1764078330065 0.04963437467813492 4659
1764078332648 0.038815710693597794 4669
1764078334405 0.03182658925652504 4679
1764078336143 0.07614131271839142 4689
1764078337869 0.034504204988479614 4699
1764078339609 0.03313934803009033 4709
1764078341359 0.09358681738376617 4719
1764078343099 0.04894086718559265 4729
1764078345708 0.04145853593945503 4739
1764078347451 0.03626884147524834 4749
1764078349218 0.03832080960273743 4759
1764078351003 0.03255925700068474 4769
1764078352739 0.029654134064912796 4779
1764078354475 0.4077802300453186 4789
1764078356202 0.03809090331196785 4799
1764078357911 0.0404723696410656 4809
1764078360616 0.08329939842224121 4819
1764078362362 0.030359316617250443 4829
1764078364163 0.03345753997564316 4839
1764078365954 0.03415834903717041 4849
1764078367694 0.039624541997909546 4859
1764078369430 0.027302956208586693 4869
1764078371188 0.362497478723526 4879
1764078373783 0.028286540880799294 4889
1764078375521 0.037423595786094666 4899
1764078377282 0.06907695531845093 4909
1764078379032 0.028159789741039276 4919
1764078380904 0.03027612343430519 4929
1764078382668 0.03112874925136566 4939
1764078384408 0.028029482811689377 4949
1764078387048 0.03425994887948036 4959
1764078388784 0.02818755991756916 4969
1764078390552 0.02923554927110672 4979
1764078392306 0.03146249055862427 4989
1764078394051 0.04199467599391937 4999
1764078395866 0.039217960089445114 5009
1764078397643 0.029529578983783722 5019
1764078399421 0.03883585333824158 5029
1764078402047 0.0293120127171278 5039
1764078403790 0.028844468295574188 5049
1764078405515 0.033778995275497437 5059
1764078407239 0.032095760107040405 5069
1764078408988 0.04166248440742493 5079
1764078411054 0.030331585556268692 5089
1764078412838 0.034477658569812775 5099
1764078415547 0.02785777673125267 5109
1764078417301 0.03950392082333565 5119
1764078419052 0.03480788320302963 5129
1764078420783 0.025839772075414658 5139
1764078422516 0.05579574778676033 5149
1764078424249 0.04364410787820816 5159
1764078426063 0.033395227044820786 5169
1764078427743 0.03463466838002205 5179
1764078430458 0.1299903392791748 5189
1764078432225 0.04798644036054611 5199
1764078434010 0.0319359190762043 5209
1764078435745 0.02770909294486046 5219
1764078437475 0.03651164844632149 5229
1764078439204 0.028940558433532715 5239
1764078441053 0.02837957628071308 5249
1764078443735 0.03170803189277649 5259
1764078445469 0.04037760943174362 5269
1764078447200 0.030754592269659042 5279
1764078448927 0.030124710872769356 5289
1764078450657 0.030808109790086746 5299
1764078452392 0.02812640741467476 5309
1764078454179 0.04626782238483429 5319
1764078456862 0.03383021801710129 5329
1764078458603 0.029509149491786957 5339
1764078460335 0.029931597411632538 5349
1764078462083 0.029614001512527466 5359
1764078463830 0.03595352917909622 5369
1764078465556 0.029938893392682076 5379
1764078467284 0.03530430793762207 5389
1764078469023 0.030058538541197777 5399
1764078471733 0.05134349688887596 5409
1764078473488 0.026707297191023827 5419
1764078475242 0.03421521186828613 5429
1764078476973 0.028859103098511696 5439
1764078478713 0.06176822632551193 5449
1764078480445 0.07098054140806198 5459
1764078482184 0.04957667738199234 5469
1764078484801 0.3642403483390808 5479
1764078486633 0.046101488173007965 5489
1764078488386 0.05781202018260956 5499
1764078490125 0.061008766293525696 5509
1764078491853 0.045868128538131714 5519
1764078493583 0.0492229200899601 5529
1764078495311 0.289791077375412 5539
1764078496997 0.034786686301231384 5549
1764078499687 0.031252145767211914 5559
1764078501487 0.03243435174226761 5569
1764078503240 0.056882649660110474 5579
1764078505202 0.036344319581985474 5589
1764078507048 0.07220345735549927 5599
1764078508800 0.04529191553592682 5609
1764078510545 0.0326901376247406 5619
1764078513270 0.06695520132780075 5629
1764078515020 0.07171694189310074 5639
1764078516886 0.047785595059394836 5649
1764078518640 0.044512681663036346 5659
1764078520399 0.04320991411805153 5669
1764078522129 0.034778449684381485 5679
1764078523870 0.040828630328178406 5689
1764078526627 0.040185656398534775 5699
1764078528361 0.03454883396625519 5709
1764078530181 0.035016242414712906 5719
1764078531943 0.03198918700218201 5729
1764078533723 0.029364990070462227 5739
1764078535856 0.03822820633649826 5749
1764078537638 0.040275316685438156 5759
1764078539457 0.039248861372470856 5769
1764078542075 0.03476427495479584 5779
1764078543809 0.03359294682741165 5789
1764078545588 0.07058493047952652 5799
1764078547381 0.03081609681248665 5809
1764078549271 0.033322401344776154 5819
1764078551070 0.037583693861961365 5829
1764078552866 0.03722706437110901 5839
1764078555635 0.03129200637340546 5849
1764078557492 0.04618436098098755 5859
1764078559353 0.05825706571340561 5869
1764078561249 0.02868773229420185 5879
1764078563683 0.02892310731112957 5889
1764078565853 0.029754966497421265 5899
1764078567693 0.04144980385899544 5909
1764078569523 0.03645174205303192 5919
