1764247272196 0.0 9
1764247274219 0.0 19
1764247276257 0.0 29
1764247278240 0.0 39
1764247281224 0.0 48
1764247281459 1.0 49
1764247283456 1.0 59
1764247285482 1.0 69
1764247287477 1.0 79
1764247289529 1.0 89
1764247291776 1.0 97
1764247292184 2.0 99
1764247294202 2.0 109
1764247296272 2.0 119
1764247298321 2.0 129
1764247300350 2.0 139
1764247302352 2.0 146
1764247302963 3.0 149
1764247304958 3.0 159
1764247306981 3.0 169
1764247308982 3.0 179
1764247311061 3.0 189
1764247312907 3.0 195
1764247313710 4.0 199
1764247315685 4.0 209
1764247317697 4.0 219
1764247319696 4.0 229
1764247321711 4.0 239
1764247323363 4.0 244
1764247324358 5.0 249
1764247326352 5.0 259
1764247328379 5.0 269
1764247330378 5.0 279
1764247332385 5.0 289
1764247333847 5.0 293
1764247335188 6.0 299
1764247337194 6.0 309
1764247339187 6.0 319
1764247341213 6.0 329
1764247343204 6.0 339
1764247344433 6.0 342
1764247345883 7.0 349
1764247347898 7.0 359
1764247349897 7.0 369
1764247351927 7.0 379
1764247353984 7.0 389
1764247355060 7.0 391
1764247356677 8.0 399
1764247358656 8.0 409
1764247360636 8.0 419
1764247362571 8.0 429
1764247364534 8.0 439
1764247365335 8.0 440
1764247367113 9.0 449
1764247369099 9.0 459
1764247371082 9.0 469
1764247373095 9.0 479
1764247375000 9.0 489
1764247375718 9.0 489
1764247377698 10.0 499
1764247379670 10.0 509
1764247381630 10.0 519
1764247383581 10.0 529
1764247385960 10.0 538
1764247386172 11.0 539
1764247388148 11.0 549
1764247390132 11.0 559
1764247392117 11.0 569
1764247394081 11.0 579
1764247396260 11.0 587
1764247396669 12.0 589
1764247398632 12.0 599
1764247400597 12.0 609
1764247402555 12.0 619
1764247404510 12.0 629
1764247406475 12.0 636
1764247407076 13.0 639
1764247409063 13.0 649
1764247411024 13.0 659
1764247412981 13.0 669
1764247414935 13.0 679
1764247416721 13.0 685
1764247417514 14.0 689
1764247419476 14.0 699
1764247421458 14.0 709
1764247423419 14.0 719
1764247425380 14.0 729
1764247426978 14.0 734
1764247427971 15.0 739
1764247429922 15.0 749
1764247431876 15.0 759
1764247433828 15.0 769
1764247435782 15.0 779
1764247437160 15.0 783
1764247438355 16.0 789
1764247440315 16.0 799
1764247442276 16.0 809
1764247444231 16.0 819
1764247446203 16.0 829
1764247447401 16.0 832
1764247448785 17.0 839
1764247450740 17.0 849
1764247452699 17.0 859
1764247454669 17.0 869
1764247456630 17.0 879
1764247457625 17.0 881
1764247459205 18.0 889
1764247461166 18.0 899
1764247463122 18.0 909
1764247465081 18.0 919
1764247467043 18.0 929
1764247467842 18.0 930
1764247469631 19.0 939
1764247471588 19.0 949
1764247473544 19.0 959
1764247475514 19.0 969
1764247477389 19.0 979
1764247478108 19.0 979
1764247480080 20.0 989
1764247482049 20.0 999
1764247484008 20.0 1009
1764247485966 20.0 1019
1764247488327 20.0 1028
1764247488542 21.0 1029
1764247490480 21.0 1039
1764247492425 21.0 1049
1764247494373 21.0 1059
1764247496325 21.0 1069
1764247498491 21.0 1077
1764247498907 22.0 1079
1764247500840 22.0 1089
1764247502773 22.0 1099
1764247504713 22.0 1109
1764247506646 22.0 1119
1764247508600 22.0 1126
1764247509191 23.0 1129
1764247511126 23.0 1139
1764247513087 23.0 1149
1764247515014 23.0 1159
1764247516949 23.0 1169
1764247518701 23.0 1175
1764247519513 24.0 1179
1764247521487 24.0 1189
1764247523458 24.0 1199
1764247525489 24.0 1209
1764247527470 24.0 1219
1764247529087 24.0 1224
1764247530084 25.0 1229
1764247532015 25.0 1239
1764247533949 25.0 1249
1764247535902 25.0 1259
1764247537840 25.0 1269
1764247539233 25.0 1273
1764247540415 26.0 1279
1764247542362 26.0 1289
1764247544299 26.0 1299
1764247546237 26.0 1309
1764247548195 26.0 1319
1764247549379 26.0 1322
