1764247272196 0.5315083265304565 9
1764247274219 0.6332119703292847 19
1764247276257 0.4258997440338135 29
1764247278240 0.4994843304157257 39
1764247281459 0.3645506501197815 49
1764247283456 0.3298567533493042 59
1764247285482 0.3631160855293274 69
1764247287477 0.18000870943069458 79
1764247289529 0.22445005178451538 89
1764247292184 0.1671922504901886 99
1764247294202 0.17891782522201538 109
1764247296272 0.1383245438337326 119
1764247298321 0.20071512460708618 129
1764247300350 0.19151794910430908 139
1764247302963 0.13665542006492615 149
1764247304958 0.11425212025642395 159
1764247306981 0.10622628033161163 169
1764247308982 0.1074211597442627 179
1764247311061 0.12361082434654236 189
1764247313710 0.09858059883117676 199
1764247315685 0.0868484377861023 209
1764247317697 0.08765171468257904 219
1764247319696 0.13539640605449677 229
1764247321711 0.07929649949073792 239
1764247324358 0.06194666400551796 249
1764247326352 0.06213141605257988 259
1764247328379 0.10989998281002045 269
1764247330378 0.06070970371365547 279
1764247332385 0.0744514912366867 289
1764247335188 0.11732847988605499 299
1764247337194 0.058264680206775665 309
1764247339187 0.047428712248802185 319
1764247341213 0.05765795335173607 329
1764247343204 0.04912875220179558 339
1764247345883 0.059479061514139175 349
1764247347898 0.04495555907487869 359
1764247349897 0.05312688648700714 369
1764247351927 0.044081300497055054 379
1764247353984 0.04332651570439339 389
1764247356677 0.04000148922204971 399
1764247358656 0.045501988381147385 409
1764247360636 0.03917554020881653 419
1764247362571 0.038586702197790146 429
1764247364534 0.06379932165145874 439
1764247367113 0.04684780538082123 449
1764247369099 0.06267782300710678 459
1764247371082 0.04262532293796539 469
1764247373095 0.03826393932104111 479
1764247375000 0.03999561816453934 489
1764247377698 0.050771865993738174 499
1764247379670 0.03521256893873215 509
1764247381630 0.041408732533454895 519
1764247383581 0.031599633395671844 529
1764247386172 0.03369140625 539
1764247388148 0.038784369826316833 549
1764247390132 0.03207162767648697 559
1764247392117 0.03471916913986206 569
1764247394081 0.07464565336704254 579
1764247396669 0.03118736296892166 589
1764247398632 0.03233551234006882 599
1764247400597 0.03612865135073662 609
1764247402555 0.031667813658714294 619
1764247404510 0.03065209463238716 629
1764247407076 0.03317387029528618 639
1764247409063 0.07399585843086243 649
1764247411024 0.043905921280384064 659
1764247412981 0.03193910792469978 669
1764247414935 0.040384817868471146 679
1764247417514 0.02940567210316658 689
1764247419476 0.02957233414053917 699
1764247421458 0.03466241806745529 709
1764247423419 0.0609196312725544 719
1764247425380 0.031836431473493576 729
1764247427971 0.03841838240623474 739
1764247429922 0.029037516564130783 749
1764247431876 0.030477626249194145 759
1764247433828 0.04974829778075218 769
1764247435782 0.02918398380279541 779
1764247438355 0.03967937454581261 789
1764247440315 0.028777536004781723 799
1764247442276 0.02869667112827301 809
1764247444231 0.04478706419467926 819
1764247446203 0.025662072002887726 829
1764247448785 0.049777038395404816 839
1764247450740 0.028242232277989388 849
1764247452699 0.03311534225940704 859
1764247454669 0.028701212257146835 869
1764247456630 0.0754753053188324 879
1764247459205 0.03044070303440094 889
1764247461166 0.025764651596546173 899
1764247463122 0.035517510026693344 909
1764247465081 0.037655510008335114 919
1764247467043 0.026581943035125732 929
1764247469631 0.02607966586947441 939
1764247471588 0.02402402088046074 949
1764247473544 0.0468011312186718 959
1764247475514 0.023575562983751297 969
1764247477389 0.03897969424724579 979
1764247480080 0.024996317923069 989
1764247482049 0.026867050677537918 999
1764247484008 0.024309296160936356 1009
1764247485966 0.02892630733549595 1019
1764247488542 0.02801669016480446 1029
1764247490480 0.02570338174700737 1039
1764247492425 0.03132881969213486 1049
1764247494373 0.025137033313512802 1059
1764247496325 0.025829650461673737 1069
1764247498907 0.027093971148133278 1079
1764247500840 0.02468571811914444 1089
1764247502773 0.02596733532845974 1099
1764247504713 0.030776821076869965 1109
1764247506646 0.02685369737446308 1119
1764247509191 0.024842295795679092 1129
1764247511126 0.02314976416528225 1139
1764247513087 0.033832862973213196 1149
1764247515014 0.02499687671661377 1159
1764247516949 0.04045652970671654 1169
1764247519513 0.05572628974914551 1179
1764247521487 0.026859447360038757 1189
1764247523458 0.024064574390649796 1199
1764247525489 0.04679591581225395 1209
1764247527470 0.02775447815656662 1219
1764247530084 0.03916138410568237 1229
1764247532015 0.02580317109823227 1239
1764247533949 0.023258987814188004 1249
1764247535902 0.028404846787452698 1259
1764247537840 0.031512223184108734 1269
1764247540415 0.02634279616177082 1279
1764247542362 0.02295932173728943 1289
1764247544299 0.02507205493748188 1299
1764247546237 0.021576926112174988 1309
1764247548195 0.022891275584697723 1319
