1764254814536 0.0 9
1764254817350 0.0 19
1764254820177 0.0 29
1764254822977 0.0 39
1764254825610 0.0 43
1764254827338 1.0 49
1764254830166 1.0 59
1764254832980 1.0 69
1764254835792 1.0 79
1764254838823 1.0 87
1764254839410 2.0 89
1764254842207 2.0 99
1764254844996 2.0 109
1764254847830 2.0 119
1764254850655 2.0 129
1764254852033 2.0 131
1764254854349 3.0 139
1764254857164 3.0 149
1764254859996 3.0 159
1764254862841 3.0 169
1764254865337 3.0 175
1764254866488 4.0 179
1764254869393 4.0 189
1764254872209 4.0 199
1764254875068 4.0 209
1764254877901 4.0 219
1764254878731 4.0 219
1764254881583 5.0 229
1764254884454 5.0 239
1764254887288 5.0 249
1764254890093 5.0 259
1764254891991 5.0 263
1764254893697 6.0 269
1764254896543 6.0 279
1764254899406 6.0 289
1764254902222 6.0 299
1764254905288 6.0 307
1764254905863 7.0 309
1764254908746 7.0 319
1764254911636 7.0 329
1764254914485 7.0 339
1764254917340 7.0 349
1764254918666 7.0 351
1764254920929 8.0 359
1764254923796 8.0 369
1764254926678 8.0 379
1764254929542 8.0 389
1764254931990 8.0 395
1764254933147 9.0 399
1764254935978 9.0 409
1764254938837 9.0 419
1764254941766 9.0 429
1764254944627 9.0 439
1764254945460 9.0 439
1764254948295 10.0 449
1764254951110 10.0 459
1764254953903 10.0 469
1764254956699 10.0 479
1764254958566 10.0 483
1764254960248 11.0 489
1764254963044 11.0 499
1764254965873 11.0 509
1764254968651 11.0 519
1764254971702 11.0 527
1764254972277 12.0 529
1764254975070 12.0 539
1764254977838 12.0 549
1764254980631 12.0 559
1764254983458 12.0 569
1764254984790 12.0 571
1764254987090 13.0 579
1764254989899 13.0 589
1764254992744 13.0 599
1764254995594 13.0 609
1764254998116 13.0 615
1764254999243 14.0 619
1764255002040 14.0 629
1764255004841 14.0 639
1764255007637 14.0 649
1764255010477 14.0 659
1764255011268 14.0 659
1764255014060 15.0 669
1764255016855 15.0 679
1764255019644 15.0 689
1764255022418 15.0 699
1764255024298 15.0 703
1764255026005 16.0 709
1764255028808 16.0 719
1764255031613 16.0 729
1764255034410 16.0 739
1764255037342 16.0 747
1764255037913 17.0 749
1764255040715 17.0 759
1764255043508 17.0 769
1764255046328 17.0 779
1764255049322 17.0 789
1764255050565 17.0 791
1764255052783 18.0 799
1764255055531 18.0 809
1764255058315 18.0 819
1764255061055 18.0 829
1764255063430 18.0 835
1764255064556 19.0 839
1764255067306 19.0 849
1764255070047 19.0 859
1764255072782 19.0 869
1764255075475 19.0 879
1764255076250 19.0 879
1764255079052 20.0 889
1764255081793 20.0 899
1764255084526 20.0 909
1764255087258 20.0 919
1764255089046 20.0 923
1764255090698 21.0 929
1764255093432 21.0 939
1764255096170 21.0 949
1764255098904 21.0 959
1764255101774 21.0 967
1764255102336 22.0 969
1764255105070 22.0 979
1764255107803 22.0 989
1764255110538 22.0 999
1764255113271 22.0 1009
1764255114496 22.0 1011
1764255116695 23.0 1019
1764255119429 23.0 1029
1764255122197 23.0 1039
1764255124935 23.0 1049
1764255127316 23.0 1055
1764255128423 24.0 1059
1764255131174 24.0 1069
1764255133906 24.0 1079
1764255136644 24.0 1089
1764255139302 24.0 1099
1764255140068 24.0 1099
1764255142825 25.0 1109
1764255145556 25.0 1119
1764255148291 25.0 1129
1764255151024 25.0 1139
1764255152798 25.0 1143
1764255154510 26.0 1149
1764255157262 26.0 1159
1764255160011 26.0 1169
1764255162748 26.0 1179
1764255165714 26.0 1187
1764255166284 27.0 1189
1764255169042 27.0 1199
1764255171785 27.0 1209
1764255174520 27.0 1219
1764255177253 27.0 1229
1764255178522 27.0 1231
1764255180734 28.0 1239
1764255183486 28.0 1249
1764255186247 28.0 1259
1764255189013 28.0 1269
1764255191439 28.0 1275
1764255192577 29.0 1279
1764255195341 29.0 1289
1764255198077 29.0 1299
1764255200829 29.0 1309
1764255203565 29.0 1319
1764255204384 29.0 1319
1764255207164 30.0 1329
1764255209896 30.0 1339
1764255212631 30.0 1349
1764255215364 30.0 1359
1764255217217 30.0 1363
1764255218882 31.0 1369
1764255221618 31.0 1379
1764255224354 31.0 1389
1764255227092 31.0 1399
1764255230026 31.0 1407
1764255230622 32.0 1409
1764255233377 32.0 1419
1764255236114 32.0 1429
1764255238852 32.0 1439
1764255241607 32.0 1449
1764255242867 32.0 1451
1764255245088 33.0 1459
1764255247833 33.0 1469
1764255250572 33.0 1479
1764255253307 33.0 1489
1764255255716 33.0 1495
1764255256840 34.0 1499
1764255259591 34.0 1509
1764255262352 34.0 1519
1764255265089 34.0 1529
1764255267795 34.0 1539
1764255268576 34.0 1539
