1764254814536 0.8304618000984192 9
1764254817350 0.527190089225769 19
1764254820177 0.43483737111091614 29
1764254822977 0.3957907557487488 39
1764254827338 0.31831368803977966 49
1764254830166 0.19871306419372559 59
1764254832980 0.1865839660167694 69
1764254835792 0.21463875472545624 79
1764254839410 0.19429175555706024 89
1764254842207 0.15659470856189728 99
1764254844996 0.1376124769449234 109
1764254847830 0.13004645705223083 119
1764254850655 0.1389572024345398 129
1764254854349 0.09634938836097717 139
1764254857164 0.14102178812026978 149
1764254859996 0.09122540801763535 159
1764254862841 0.07262273132801056 169
1764254866488 0.07685234397649765 179
1764254869393 0.06393355876207352 189
1764254872209 0.07617650926113129 199
1764254875068 0.0584835484623909 209
1764254877901 0.05853946506977081 219
1764254881583 0.05622268095612526 229
1764254884454 0.06327294558286667 239
1764254887288 0.05879105255007744 249
1764254890093 0.11158858239650726 259
1764254893697 0.07837925106287003 269
1764254896543 0.05497325584292412 279
1764254899406 0.07425682246685028 289
1764254902222 0.04454180970788002 299
1764254905863 0.04720650613307953 309
1764254908746 0.047929055988788605 319
1764254911636 0.049855682998895645 329
1764254914485 0.04636600613594055 339
1764254917340 0.09472060203552246 349
1764254920929 0.046374041587114334 359
1764254923796 0.0564425103366375 369
1764254926678 0.05484265461564064 379
1764254929542 0.03634883090853691 389
1764254933147 0.038878168910741806 399
1764254935978 0.033515628427267075 409
1764254938837 0.04020966961979866 419
1764254941766 0.032575976103544235 429
1764254944627 0.04178247228264809 439
1764254948295 0.03713618963956833 449
1764254951110 0.03223187103867531 459
1764254953903 0.03602007403969765 469
1764254956699 0.04133779928088188 479
1764254960248 0.060353998094797134 489
1764254963044 0.036623187363147736 499
1764254965873 0.030802156776189804 509
1764254968651 0.0314185693860054 519
1764254972277 0.03384044021368027 529
1764254975070 0.04797016829252243 539
1764254977838 0.03337477892637253 549
1764254980631 0.03489329665899277 559
1764254983458 0.05881502851843834 569
1764254987090 0.040205616503953934 579
1764254989899 0.029658243060112 589
1764254992744 0.03459720313549042 599
1764254995594 0.027943719178438187 609
1764254999243 0.029737349599599838 619
1764255002040 0.03432096168398857 629
1764255004841 0.03219367191195488 639
1764255007637 0.0264279842376709 649
1764255010477 0.031196653842926025 659
1764255014060 0.029064981266856194 669
1764255016855 0.029620498418807983 679
1764255019644 0.04823838174343109 689
1764255022418 0.051615018397569656 699
1764255026005 0.042188409715890884 709
1764255028808 0.036281414330005646 719
1764255031613 0.036326877772808075 729
1764255034410 0.04875245690345764 739
1764255037913 0.03601089119911194 749
1764255040715 0.029198994860053062 759
1764255043508 0.028038350865244865 769
1764255046328 0.02497483789920807 779
1764255049322 0.02623203583061695 789
1764255052783 0.02584216557443142 799
1764255055531 0.050955548882484436 809
1764255058315 0.02612903341650963 819
1764255061055 0.030835237354040146 829
1764255064556 0.0264308862388134 839
1764255067306 0.02392757683992386 849
1764255070047 0.02947373315691948 859
1764255072782 0.035638295114040375 869
1764255075475 0.03259437903761864 879
1764255079052 0.023867538198828697 889
1764255081793 0.030530747026205063 899
1764255084526 0.030182112008333206 909
1764255087258 0.03269059583544731 919
1764255090698 0.02442154288291931 929
1764255093432 0.031052611768245697 939
1764255096170 0.027814628556370735 949
1764255098904 0.025728963315486908 959
1764255102336 0.025716332718729973 969
1764255105070 0.030549461022019386 979
1764255107803 0.03723464906215668 989
1764255110538 0.029283734038472176 999
1764255113271 0.02787991799414158 1009
1764255116695 0.03433471545577049 1019
1764255119429 0.02426038682460785 1029
1764255122197 0.02738887071609497 1039
1764255124935 0.02540891058743 1049
1764255128423 0.02678966335952282 1059
1764255131174 0.02386440522968769 1069
1764255133906 0.022747866809368134 1079
1764255136644 0.02323765680193901 1089
1764255139302 0.03665212541818619 1099
1764255142825 0.045285291969776154 1109
1764255145556 0.02410953864455223 1119
1764255148291 0.02268325351178646 1129
1764255151024 0.0609070248901844 1139
1764255154510 0.026949197053909302 1149
1764255157262 0.02488277666270733 1159
1764255160011 0.029937932267785072 1169
1764255162748 0.03184353932738304 1179
1764255166284 0.030590882524847984 1189
1764255169042 0.023990247398614883 1199
1764255171785 0.03599957749247551 1209
1764255174520 0.029281023889780045 1219
1764255177253 0.06049557775259018 1229
1764255180734 0.024128103628754616 1239
1764255183486 0.02482094243168831 1249
1764255186247 0.026126280426979065 1259
1764255189013 0.028429871425032616 1269
1764255192577 0.028986748307943344 1279
1764255195341 0.023427091538906097 1289
1764255198077 0.02193431742489338 1299
1764255200829 0.02670307084918022 1309
1764255203565 0.025211989879608154 1319
1764255207164 0.04549994692206383 1329
1764255209896 0.035152968019247055 1339
1764255212631 0.044486649334430695 1349
1764255215364 0.06479798257350922 1359
1764255218882 0.024377955123782158 1369
1764255221618 0.021754121407866478 1379
1764255224354 0.03206674009561539 1389
1764255227092 0.02876936085522175 1399
1764255230622 0.028495116159319878 1409
1764255233377 0.023964202031493187 1419
1764255236114 0.038376983255147934 1429
1764255238852 0.034423571079969406 1439
1764255241607 0.025612862780690193 1449
1764255245088 0.023423945531249046 1459
1764255247833 0.025162894278764725 1469
1764255250572 0.02259533666074276 1479
1764255253307 0.02508070506155491 1489
1764255256840 0.02658388577401638 1499
1764255259591 0.025622226297855377 1509
1764255262352 0.025598691776394844 1519
1764255265089 0.04961401969194412 1529
1764255267795 0.06394602358341217 1539
