1764253328209 0.0 9
1764253330985 0.0 19
1764253333760 0.0 29
1764253336544 0.0 39
1764253339007 0.0 43
1764253340699 1.0 49
1764253343446 1.0 59
1764253346206 1.0 69
1764253348969 1.0 79
1764253351900 1.0 87
1764253352481 2.0 89
1764253355227 2.0 99
1764253358003 2.0 109
1764253360971 2.0 119
1764253363736 2.0 129
1764253365052 2.0 131
1764253367286 3.0 139
1764253370033 3.0 149
1764253372983 3.0 159
1764253375766 3.0 169
1764253378171 3.0 175
1764253379308 4.0 179
1764253382075 4.0 189
1764253384836 4.0 199
1764253387593 4.0 209
1764253390296 4.0 219
1764253391053 4.0 219
1764253393859 5.0 229
1764253396630 5.0 239
1764253399432 5.0 249
1764253402196 5.0 259
1764253404037 5.0 263
1764253405754 6.0 269
1764253408522 6.0 279
1764253411275 6.0 289
1764253414026 6.0 299
1764253416954 6.0 307
1764253417535 7.0 309
1764253420295 7.0 319
1764253423080 7.0 329
1764253425840 7.0 339
1764253428629 7.0 349
1764253429848 7.0 351
1764253432061 8.0 359
1764253434848 8.0 369
1764253437602 8.0 379
1764253440362 8.0 389
1764253442745 8.0 395
1764253443862 9.0 399
1764253446631 9.0 409
1764253449390 9.0 419
1764253452156 9.0 429
1764253454856 9.0 439
1764253455612 9.0 439
1764253458388 10.0 449
1764253461099 10.0 459
1764253463847 10.0 469
1764253466597 10.0 479
1764253468399 10.0 483
1764253470052 11.0 489
1764253472822 11.0 499
1764253475575 11.0 509
1764253478334 11.0 519
1764253481223 11.0 527
1764253481789 12.0 529
1764253484547 12.0 539
1764253487306 12.0 549
1764253490072 12.0 559
1764253492852 12.0 569
1764253494065 12.0 571
1764253496299 13.0 579
1764253499063 13.0 589
1764253501821 13.0 599
1764253504605 13.0 609
1764253506950 13.0 615
1764253508057 14.0 619
1764253510821 14.0 629
1764253513577 14.0 639
1764253516316 14.0 649
1764253519002 14.0 659
1764253519768 14.0 659
1764253522521 15.0 669
1764253525275 15.0 679
1764253528027 15.0 689
1764253530803 15.0 699
1764253532571 15.0 703
1764253534235 16.0 709
1764253537015 16.0 719
1764253539771 16.0 729
1764253542547 16.0 739
1764253545422 16.0 747
1764253545989 17.0 749
1764253548753 17.0 759
1764253551510 17.0 769
1764253554269 17.0 779
1764253557030 17.0 789
1764253558264 17.0 791
1764253560483 18.0 799
1764253563267 18.0 809
1764253566039 18.0 819
1764253568811 18.0 829
1764253571145 18.0 835
1764253572255 19.0 839
1764253575020 19.0 849
1764253577774 19.0 859
1764253580539 19.0 869
1764253583223 19.0 879
1764253583988 19.0 879
1764253586761 20.0 889
1764253589532 20.0 899
1764253592294 20.0 909
1764253595058 20.0 919
1764253596905 20.0 923
1764253598555 21.0 929
1764253601326 21.0 939
1764253604073 21.0 949
1764253606829 21.0 959
1764253609706 21.0 967
1764253610270 22.0 969
1764253613018 22.0 979
1764253615799 22.0 989
1764253618578 22.0 999
1764253621338 22.0 1009
1764253622554 22.0 1011
1764253624760 23.0 1019
1764253627544 23.0 1029
1764253630309 23.0 1039
1764253633082 23.0 1049
1764253635419 23.0 1055
1764253636526 24.0 1059
1764253639290 24.0 1069
1764253642069 24.0 1079
1764253644856 24.0 1089
1764253647541 24.0 1099
1764253648307 24.0 1099
1764253651090 25.0 1109
1764253653869 25.0 1119
1764253656634 25.0 1129
1764253659393 25.0 1139
1764253661165 25.0 1143
1764253662835 26.0 1149
1764253665591 26.0 1159
1764253668373 26.0 1169
1764253671134 26.0 1179
1764253674020 26.0 1187
1764253674583 27.0 1189
1764253677356 27.0 1199
1764253680116 27.0 1209
1764253682870 27.0 1219
1764253685659 27.0 1229
1764253686883 27.0 1231
1764253689103 28.0 1239
1764253691889 28.0 1249
1764253694665 28.0 1259
1764253697410 28.0 1269
1764253699754 28.0 1275
1764253700870 29.0 1279
1764253703622 29.0 1289
1764253706386 29.0 1299
1764253709154 29.0 1309
1764253711830 29.0 1319
1764253712589 29.0 1319
1764253715356 30.0 1329
1764253718118 30.0 1339
1764253720884 30.0 1349
1764253723647 30.0 1359
1764253725521 30.0 1363
1764253727186 31.0 1369
1764253729945 31.0 1379
1764253732706 31.0 1389
1764253735466 31.0 1399
1764253738363 31.0 1407
1764253738924 32.0 1409
1764253741684 32.0 1419
1764253744469 32.0 1429
1764253747237 32.0 1439
1764253749997 32.0 1449
1764253751246 32.0 1451
1764253753458 33.0 1459
1764253756224 33.0 1469
1764253758986 33.0 1479
1764253761757 33.0 1489
1764253764096 33.0 1495
1764253765209 34.0 1499
1764253767976 34.0 1509
1764253770735 34.0 1519
1764253773494 34.0 1529
1764253776171 34.0 1539
1764253776930 34.0 1539
1764253779706 35.0 1549
1764253782464 35.0 1559
1764253785212 35.0 1569
1764253787990 35.0 1579
1764253789781 35.0 1583
1764253791455 36.0 1589
1764253794215 36.0 1599
1764253796986 36.0 1609
1764253799770 36.0 1619
1764253802697 36.0 1627
1764253803311 37.0 1629
1764253806102 37.0 1639
1764253809146 37.0 1649
1764253811939 37.0 1659
1764253814706 37.0 1669
1764253815949 37.0 1671
1764253818167 38.0 1679
1764253820957 38.0 1689
1764253823712 38.0 1699
1764253826551 38.0 1709
1764253828961 38.0 1715
1764253830093 39.0 1719
1764253833118 39.0 1729
1764253835906 39.0 1739
1764253838692 39.0 1749
1764253841372 39.0 1759
1764253842153 39.0 1759
1764253844964 40.0 1769
1764253847756 40.0 1779
1764253850660 40.0 1789
1764253853470 40.0 1799
1764253855333 40.0 1803
1764253857001 41.0 1809
1764253859769 41.0 1819
1764253862546 41.0 1829
1764253865306 41.0 1839
1764253868246 41.0 1847
1764253868815 42.0 1849
1764253871571 42.0 1859
1764253874346 42.0 1869
1764253877111 42.0 1879
1764253879904 42.0 1889
1764253881128 42.0 1891
1764253883348 43.0 1899
1764253886112 43.0 1909
1764253888875 43.0 1919
1764253891660 43.0 1929
1764253894010 43.0 1935
1764253895118 44.0 1939
1764253897881 44.0 1949
1764253900674 44.0 1959
1764253903441 44.0 1969
1764253906138 44.0 1979
1764253906897 44.0 1979
1764253909664 45.0 1989
1764253912437 45.0 1999
1764253915217 45.0 2009
1764253917981 45.0 2019
1764253919772 45.0 2023
1764253921440 46.0 2029
1764253924191 46.0 2039
1764253926967 46.0 2049
1764253929772 46.0 2059
1764253932658 46.0 2067
1764253933220 47.0 2069
1764253935986 47.0 2079
1764253938755 47.0 2089
1764253941539 47.0 2099
1764253944315 47.0 2109
1764253945547 47.0 2111
1764253947762 48.0 2119
1764253950517 48.0 2129
1764253953296 48.0 2139
1764253956066 48.0 2149
1764253958402 48.0 2155
1764253959521 49.0 2159
1764253962283 49.0 2169
1764253965059 49.0 2179
1764253967863 49.0 2189
1764253970548 49.0 2199
1764253971310 49.0 2199
1764253974076 50.0 2209
1764253976869 50.0 2219
1764253979667 50.0 2229
1764253982441 50.0 2239
1764253984225 50.0 2243
1764253985899 51.0 2249
1764253988659 51.0 2259
1764253991416 51.0 2269
1764253994173 51.0 2279
1764253997069 51.0 2287
1764253997644 52.0 2289
1764254000410 52.0 2299
1764254003192 52.0 2309
1764254005983 52.0 2319
1764254008749 52.0 2329
1764254009991 52.0 2331
1764254012217 53.0 2339
1764254015000 53.0 2349
1764254017770 53.0 2359
1764254020570 53.0 2369
1764254022907 53.0 2375
1764254024019 54.0 2379
1764254026796 54.0 2389
1764254029571 54.0 2399
1764254032335 54.0 2409
1764254035027 54.0 2419
1764254035790 54.0 2419
1764254038546 55.0 2429
1764254041306 55.0 2439
1764254044064 55.0 2449
1764254046830 55.0 2459
1764254048606 55.0 2463
1764254050268 56.0 2469
1764254053031 56.0 2479
1764254055814 56.0 2489
1764254058605 56.0 2499
1764254061509 56.0 2507
1764254062074 57.0 2509
1764254064836 57.0 2519
1764254067609 57.0 2529
1764254070364 57.0 2539
1764254073128 57.0 2549
1764254074364 57.0 2551
1764254076580 58.0 2559
1764254079343 58.0 2569
1764254082092 58.0 2579
1764254084851 58.0 2589
1764254087176 58.0 2595
1764254088291 59.0 2599
1764254091056 59.0 2609
1764254093832 59.0 2619
1764254096591 59.0 2629
1764254099334 59.0 2639
1764254100099 59.0 2639
1764254102869 60.0 2649
1764254105825 60.0 2659
1764254108634 60.0 2669
1764254111438 60.0 2679
1764254113227 60.0 2683
1764254114900 61.0 2689
1764254117682 61.0 2699
1764254120445 61.0 2709
1764254123256 61.0 2719
1764254126231 61.0 2727
1764254126829 62.0 2729
1764254129595 62.0 2739
1764254132369 62.0 2749
1764254135161 62.0 2759
1764254137941 62.0 2769
1764254139211 62.0 2771
1764254141441 63.0 2779
1764254144260 63.0 2789
1764254147042 63.0 2799
1764254149842 63.0 2809
1764254152210 63.0 2815
1764254153338 64.0 2819
1764254156137 64.0 2829
1764254158919 64.0 2839
1764254161709 64.0 2849
1764254164400 64.0 2859
1764254165183 64.0 2859
1764254167964 65.0 2869
1764254170713 65.0 2879
1764254173510 65.0 2889
1764254176289 65.0 2899
1764254178077 65.0 2903
1764254179744 66.0 2909
1764254182486 66.0 2919
1764254185236 66.0 2929
1764254188038 66.0 2939
1764254190943 66.0 2947
1764254191510 67.0 2949
1764254194266 67.0 2959
1764254197028 67.0 2969
1764254199787 67.0 2979
1764254202649 67.0 2989
1764254203880 67.0 2991
1764254206119 68.0 2999
1764254208944 68.0 3009
1764254211975 68.0 3019
1764254214789 68.0 3029
1764254217193 68.0 3035
1764254218345 69.0 3039
1764254221117 69.0 3049
1764254223927 69.0 3059
1764254226700 69.0 3069
1764254229490 69.0 3079
1764254230269 69.0 3079
1764254233054 70.0 3089
1764254235827 70.0 3099
1764254238635 70.0 3109
1764254241417 70.0 3119
1764254243211 70.0 3123
1764254244884 71.0 3129
1764254247629 71.0 3139
1764254250397 71.0 3149
1764254253194 71.0 3159
1764254256112 71.0 3167
1764254256678 72.0 3169
1764254259434 72.0 3179
1764254262186 72.0 3189
1764254264940 72.0 3199
1764254267706 72.0 3209
1764254268932 72.0 3211
1764254271123 73.0 3219
1764254273875 73.0 3229
1764254276662 73.0 3239
1764254279435 73.0 3249
1764254281846 73.0 3255
1764254282959 74.0 3259
1764254285728 74.0 3269
1764254288503 74.0 3279
1764254291383 74.0 3289
1764254294074 74.0 3299
1764254294866 74.0 3299
1764254297671 75.0 3309
1764254300471 75.0 3319
1764254303245 75.0 3329
1764254306038 75.0 3339
1764254308027 75.0 3343
1764254309807 76.0 3349
1764254312621 76.0 3359
1764254315425 76.0 3369
1764254318302 76.0 3379
1764254321276 76.0 3387
1764254321850 77.0 3389
1764254324621 77.0 3399
1764254327389 77.0 3409
1764254330156 77.0 3419
1764254332909 77.0 3429
1764254334138 77.0 3431
1764254336345 78.0 3439
1764254339108 78.0 3449
1764254341926 78.0 3459
1764254344805 78.0 3469
1764254347185 78.0 3475
1764254348315 79.0 3479
1764254351135 79.0 3489
1764254353939 79.0 3499
1764254356903 79.0 3509
1764254359661 79.0 3519
1764254360442 79.0 3519
