1764253328209 0.8570863604545593 9
1764253330985 0.5632010102272034 19
1764253333760 0.4750380516052246 29
1764253336544 0.42361658811569214 39
1764253340699 0.34383124113082886 49
1764253343446 0.21929757297039032 59
1764253346206 0.2130802571773529 69
1764253348969 0.21844233572483063 79
1764253352481 0.21701659262180328 89
1764253355227 0.1592342108488083 99
1764253358003 0.14309315383434296 109
1764253360971 0.14194105565547943 119
1764253363736 0.13547775149345398 129
1764253367286 0.10533437877893448 139
1764253370033 0.15067245066165924 149
1764253372983 0.09510620683431625 159
1764253375766 0.07876324653625488 169
1764253379308 0.08268426358699799 179
1764253382075 0.06979583948850632 189
1764253384836 0.08427064120769501 199
1764253387593 0.06400242447853088 209
1764253390296 0.06743231415748596 219
1764253393859 0.062452007085084915 229
1764253396630 0.06659384816884995 239
1764253399432 0.06463853269815445 249
1764253402196 0.11671283841133118 259
1764253405754 0.08222810178995132 269
1764253408522 0.05904600769281387 279
1764253411275 0.0822642594575882 289
1764253414026 0.05203651636838913 299
1764253417535 0.05202678591012955 309
1764253420295 0.05147480219602585 319
1764253423080 0.05288522318005562 329
1764253425840 0.049612633883953094 339
1764253428629 0.09869428724050522 349
1764253432061 0.05181121081113815 359
1764253434848 0.06207891181111336 369
1764253437602 0.061913277953863144 379
1764253440362 0.04082847759127617 389
1764253443862 0.04395970329642296 399
1764253446631 0.03848579153418541 409
1764253449390 0.04648055136203766 419
1764253452156 0.03821025416254997 429
1764253454856 0.044781412929296494 439
1764253458388 0.04280323535203934 449
1764253461099 0.038877055048942566 459
1764253463847 0.0383768156170845 469
1764253466597 0.047858767211437225 479
1764253470052 0.06561863422393799 489
1764253472822 0.04134785011410713 499
1764253475575 0.03530532866716385 509
1764253478334 0.03657643124461174 519
1764253481789 0.038129713386297226 529
1764253484547 0.05229056999087334 539
1764253487306 0.037125904113054276 549
1764253490072 0.04004986956715584 559
1764253492852 0.06505388021469116 569
1764253496299 0.044914036989212036 579
1764253499063 0.03399848937988281 589
1764253501821 0.03786031901836395 599
1764253504605 0.03171735256910324 609
1764253508057 0.03549259901046753 619
1764253510821 0.03869751840829849 629
1764253513577 0.036829810589551926 639
1764253516316 0.03243539109826088 649
1764253519002 0.03500433266162872 659
1764253522521 0.032058797776699066 669
1764253525275 0.0333687923848629 679
1764253528027 0.051034171134233475 689
1764253530803 0.05603155866265297 699
1764253534235 0.04637059569358826 709
1764253537015 0.04285528138279915 719
1764253539771 0.03991292789578438 729
1764253542547 0.053785599768161774 739
1764253545989 0.041993822902441025 749
1764253548753 0.03505755960941315 759
1764253551510 0.03242204710841179 769
1764253554269 0.028744099661707878 779
1764253557030 0.03053138218820095 789
1764253560483 0.030071813613176346 799
1764253563267 0.055205296725034714 809
1764253566039 0.03004319593310356 819
1764253568811 0.035472795367240906 829
1764253572255 0.030674200505018234 839
1764253575020 0.028835531324148178 849
1764253577774 0.033574867993593216 859
1764253580539 0.0392252542078495 869
1764253583223 0.03943030536174774 879
1764253586761 0.028874432668089867 889
1764253589532 0.035340383648872375 899
1764253592294 0.03398045524954796 909
1764253595058 0.03541836142539978 919
1764253598555 0.028803490102291107 929
1764253601326 0.03513669967651367 939
1764253604073 0.032913677394390106 949
1764253606829 0.029041003435850143 959
1764253610270 0.03018254041671753 969
1764253613018 0.035434819757938385 979
1764253615799 0.04115768522024155 989
1764253618578 0.033056434243917465 999
1764253621338 0.03144674748182297 1009
1764253624760 0.03700246289372444 1019
1764253627544 0.0278916098177433 1029
1764253630309 0.029850061982870102 1039
1764253633082 0.028879037126898766 1049
1764253636526 0.03169064596295357 1059
1764253639290 0.026696905493736267 1069
1764253642069 0.02675480581820011 1079
1764253644856 0.02785409614443779 1089
1764253647541 0.04044656455516815 1099
1764253651090 0.04800957068800926 1109
1764253653869 0.029322663322091103 1119
1764253656634 0.025758618488907814 1129
1764253659393 0.06443430483341217 1139
1764253662835 0.030659964308142662 1149
1764253665591 0.027656175196170807 1159
1764253668373 0.03447727486491203 1169
1764253671134 0.03644513711333275 1179
1764253674583 0.033955641090869904 1189
1764253677356 0.027633018791675568 1199
1764253680116 0.03934108838438988 1209
1764253682870 0.03337287902832031 1219
1764253685659 0.06353708356618881 1229
1764253689103 0.026984039694070816 1239
1764253691889 0.028610313311219215 1249
1764253694665 0.02993747591972351 1259
1764253697410 0.031141621991991997 1269
1764253700870 0.03328342363238335 1279
1764253703622 0.027803732082247734 1289
1764253706386 0.026192069053649902 1299
1764253709154 0.03038039058446884 1309
1764253711830 0.028336524963378906 1319
1764253715356 0.04982705041766167 1329
1764253718118 0.03869728744029999 1339
1764253720884 0.04730404168367386 1349
1764253723647 0.06896529346704483 1359
1764253727186 0.027705129235982895 1369
1764253729945 0.025652244687080383 1379
1764253732706 0.03600175678730011 1389
1764253735466 0.03185000643134117 1399
1764253738924 0.03290000557899475 1409
1764253741684 0.02767026238143444 1419
1764253744469 0.042763255536556244 1429
1764253747237 0.037976473569869995 1439
1764253749997 0.028497839346528053 1449
1764253753458 0.027420474216341972 1459
1764253756224 0.029024209827184677 1469
1764253758986 0.026080382987856865 1479
1764253761757 0.028345435857772827 1489
1764253765209 0.02998904325067997 1499
1764253767976 0.02934889681637287 1509
1764253770735 0.02976961061358452 1519
1764253773494 0.05546359717845917 1529
1764253776171 0.06923000514507294 1539
1764253779706 0.025964349508285522 1549
1764253782464 0.02801111340522766 1559
1764253785212 0.028733279556035995 1569
1764253787990 0.030999738723039627 1579
1764253791455 0.043026890605688095 1589
1764253794215 0.0248134545981884 1599
1764253796986 0.04176332801580429 1609
1764253799770 0.026258034631609917 1619
1764253803311 0.035322003066539764 1629
1764253806102 0.028139760717749596 1639
1764253809146 0.02978040836751461 1649
1764253811939 0.02945799008011818 1659
1764253814706 0.050018858164548874 1669
1764253818167 0.10042312741279602 1679
1764253820957 0.025023389607667923 1689
1764253823712 0.030614323914051056 1699
1764253826551 0.02663293108344078 1709
1764253830093 0.028803832828998566 1719
1764253833118 0.03245062008500099 1729
1764253835906 0.02591683343052864 1739
1764253838692 0.027905132621526718 1749
1764253841372 0.029471293091773987 1759
1764253844964 0.025403033941984177 1769
1764253847756 0.02692677639424801 1779
1764253850660 0.03372178599238396 1789
1764253853470 0.026318687945604324 1799
1764253857001 0.02729027532041073 1809
1764253859769 0.026430349797010422 1819
1764253862546 0.05656448006629944 1829
1764253865306 0.02525988407433033 1839
1764253868815 0.034041088074445724 1849
1764253871571 0.025707468390464783 1859
1764253874346 0.05768980085849762 1869
1764253877111 0.038294751197099686 1879
1764253879904 0.030651694163680077 1889
1764253883348 0.03474721312522888 1899
1764253886112 0.03354031592607498 1909
1764253888875 0.0508403517305851 1919
1764253891660 0.023177223280072212 1929
1764253895118 0.040168728679418564 1939
1764253897881 0.023691803216934204 1949
1764253900674 0.1077418103814125 1959
1764253903441 0.023833852261304855 1969
1764253906138 0.04665980115532875 1979
1764253909664 0.035871654748916626 1989
1764253912437 0.028036823496222496 1999
1764253915217 0.027844922617077827 2009
1764253917981 0.023972200229763985 2019
1764253921440 0.03504864498972893 2029
1764253924191 0.02739480882883072 2039
1764253926967 0.023167746141552925 2049
1764253929772 0.025721563026309013 2059
1764253933220 0.028108546510338783 2069
1764253935986 0.02376151643693447 2079
1764253938755 0.041726212948560715 2089
1764253941539 0.024179209023714066 2099
1764253944315 0.022213127464056015 2109
1764253947762 0.0245565976947546 2119
1764253950517 0.034269385039806366 2129
1764253953296 0.035757485777139664 2139
1764253956066 0.027765002101659775 2149
1764253959521 0.022607341408729553 2159
1764253962283 0.023583902046084404 2169
1764253965059 0.02694922685623169 2179
1764253967863 0.03027922660112381 2189
1764253970548 0.03905145451426506 2199
1764253974076 0.025137243792414665 2209
1764253976869 0.023131312802433968 2219
1764253979667 0.02801334857940674 2229
1764253982441 0.03707145154476166 2239
1764253985899 0.06601900607347488 2249
1764253988659 0.029530193656682968 2259
1764253991416 0.03170954808592796 2269
1764253994173 0.026384027674794197 2279
1764253997644 0.02576584555208683 2289
1764254000410 0.029018424451351166 2299
1764254003192 0.025399379432201385 2309
1764254005983 0.024601442739367485 2319
1764254008749 0.026467790827155113 2329
1764254012217 0.031183255836367607 2339
1764254015000 0.035344600677490234 2349
1764254017770 0.02451695129275322 2359
1764254020570 0.027488665655255318 2369
1764254024019 0.026979031041264534 2379
1764254026796 0.029883580282330513 2389
1764254029571 0.023617267608642578 2399
1764254032335 0.03444480150938034 2409
1764254035027 0.03285978361964226 2419
1764254038546 0.02694377489387989 2429
1764254041306 0.02685389295220375 2439
1764254044064 0.025824598968029022 2449
1764254046830 0.025314906612038612 2459
1764254050268 0.03430616110563278 2469
1764254053031 0.024156581610441208 2479
1764254055814 0.06820090860128403 2489
1764254058605 0.022033050656318665 2499
1764254062074 0.041815560311079025 2509
1764254064836 0.02350875549018383 2519
1764254067609 0.022252079099416733 2529
1764254070364 0.027297131717205048 2539
1764254073128 0.025282137095928192 2549
1764254076580 0.023912061005830765 2559
1764254079343 0.05154804140329361 2569
1764254082092 0.04187624901533127 2579
1764254084851 0.022792113944888115 2589
1764254088291 0.02255183830857277 2599
1764254091056 0.025998782366514206 2609
1764254093832 0.03410542756319046 2619
1764254096591 0.022697553038597107 2629
1764254099334 0.027147872373461723 2639
1764254102869 0.043044544756412506 2649
1764254105825 0.024610836058855057 2659
1764254108634 0.03591403365135193 2669
1764254111438 0.021944250911474228 2679
1764254114900 0.02861792780458927 2689
1764254117682 0.02552802674472332 2699
1764254120445 0.026359064504504204 2709
1764254123256 0.022293096408247948 2719
1764254126829 0.02278069406747818 2729
1764254129595 0.024802587926387787 2739
1764254132369 0.03203614056110382 2749
1764254135161 0.02297617867588997 2759
1764254137941 0.022045955061912537 2769
1764254141441 0.02840505726635456 2779
1764254144260 0.0330013781785965 2789
1764254147042 0.023599138483405113 2799
1764254149842 0.034237198531627655 2809
1764254153338 0.06638004630804062 2819
1764254156137 0.022771218791604042 2829
1764254158919 0.055856864899396896 2839
1764254161709 0.024010170251131058 2849
1764254164400 0.028322938829660416 2859
1764254167964 0.02369304932653904 2869
1764254170713 0.0236686859279871 2879
1764254173510 0.023940159007906914 2889
1764254176289 0.024881305173039436 2899
1764254179744 0.0288078710436821 2909
1764254182486 0.022363848984241486 2919
1764254185236 0.026148812845349312 2929
1764254188038 0.024539366364479065 2939
1764254191510 0.02258826233446598 2949
1764254194266 0.024428782984614372 2959
1764254197028 0.022529998794198036 2969
1764254199787 0.022448919713497162 2979
1764254202649 0.026433007791638374 2989
1764254206119 0.0459340438246727 2999
1764254208944 0.02832033298909664 3009
1764254211975 0.023734446614980698 3019
1764254214789 0.030674859881401062 3029
1764254218345 0.022960102185606956 3039
1764254221117 0.03967844694852829 3049
1764254223927 0.02230888046324253 3059
1764254226700 0.043929871171712875 3069
1764254229490 0.025646770372986794 3079
1764254233054 0.02212824672460556 3089
1764254235827 0.0421198345720768 3099
1764254238635 0.02452250011265278 3109
1764254241417 0.024394888430833817 3119
1764254244884 0.02399866096675396 3129
1764254247629 0.023856744170188904 3139
1764254250397 0.02653568796813488 3149
1764254253194 0.025256527587771416 3159
1764254256678 0.027213076129555702 3169
1764254259434 0.035676054656505585 3179
1764254262186 0.024869157001376152 3189
1764254264940 0.02884276583790779 3199
1764254267706 0.030732227489352226 3209
1764254271123 0.022816205397248268 3219
1764254273875 0.021807843819260597 3229
1764254276662 0.02920685149729252 3239
1764254279435 0.03675847500562668 3249
1764254282959 0.023645170032978058 3259
1764254285728 0.027812410145998 3269
1764254288503 0.022250957787036896 3279
1764254291383 0.020867910236120224 3289
1764254294074 0.024264220148324966 3299
1764254297671 0.0241154246032238 3309
1764254300471 0.028209112584590912 3319
1764254303245 0.037558890879154205 3329
1764254306038 0.02315070852637291 3339
1764254309807 0.02205910161137581 3349
1764254312621 0.05832046642899513 3359
1764254315425 0.053356580436229706 3369
1764254318302 0.04073425754904747 3379
1764254321850 0.026119662448763847 3389
1764254324621 0.024941006675362587 3399
1764254327389 0.022535717114806175 3409
1764254330156 0.022294078022241592 3419
1764254332909 0.04052948206663132 3429
1764254336345 0.04066400229930878 3439
1764254339108 0.03198515996336937 3449
1764254341926 0.029461225494742393 3459
1764254344805 0.022648628801107407 3469
1764254348315 0.028011050075292587 3479
1764254351135 0.05115504935383797 3489
1764254353939 0.0325942188501358 3499
1764254356903 0.032419390976428986 3509
1764254359661 0.03462274372577667 3519
