1764058415834 0.0 9
1764058418615 0.0 19
1764058421361 0.0 29
1764058426117 0.0 39
1764058433843 0.0 49
1764058435424 0.0 49
1764058444755 1.0 59
1764058452481 1.0 69
1764058459777 1.0 79
1764058467027 1.0 89
1764058473470 1.0 99
1764058475654 1.0 99
1764058488062 2.0 109
1764058496351 2.0 119
1764058504636 2.0 129
1764058512943 2.0 139
1764058522577 2.0 149
1764058525533 2.0 149
1764058540072 3.0 159
1764058552830 3.0 169
1764059564010 3.0 179
1764059566902 3.0 189
1764059569545 3.0 199
1764059570455 3.0 199
1764059581177 4.0 209
1764059583918 4.0 219
1764059586691 4.0 229
1764059589445 4.0 239
1764059592080 4.0 249
1764059593005 4.0 249
1764059602137 5.0 259
1764059604890 5.0 269
1764059607672 5.0 279
1764059610441 5.0 289
1764059613034 5.0 299
1764059613961 5.0 299
1764059623572 6.0 309
1764059626343 6.0 319
1764059629087 6.0 329
1764059631866 6.0 339
1764059634491 6.0 349
1764059635390 6.0 349
1764059644789 7.0 359
1764059649063 7.0 369
1764059653663 7.0 379
1764059657022 7.0 389
1764059660872 7.0 399
1764059662367 7.0 399
1764059671450 8.0 409
1764059674186 8.0 419
1764059678749 8.0 429
1764059684828 8.0 439
1764059688289 8.0 449
1764059689595 8.0 449
1764059699115 9.0 459
1764059702160 9.0 469
1764059709483 9.0 479
1764059713790 9.0 489
1764059718966 9.0 499
1764059720266 9.0 499
1764059732575 10.0 509
1764059735324 10.0 519
1764059741699 10.0 529
1764060298651 10.0 539
1764060301318 10.0 549
1764060302213 10.0 549
1764060313091 11.0 559
1764060315885 11.0 569
1764060318641 11.0 579
1764060321392 11.0 589
1764060323997 11.0 599
1764060324900 11.0 599
1764060334427 12.0 609
1764060337188 12.0 619
1764060339915 12.0 629
1764060342640 12.0 639
1764060345229 12.0 649
1764060346175 12.0 649
1764060356745 13.0 659
1764060359499 13.0 669
1764060362262 13.0 679
1764060365048 13.0 689
1764060367658 13.0 699
1764060368565 13.0 699
1764060377744 14.0 709
1764060380477 14.0 719
1764060383318 14.0 729
1764060388187 14.0 739
1764060391202 14.0 749
1764060392153 14.0 749
