1764058415834 0.6508123874664307 9
1764058418615 0.523184061050415 19
1764058421361 0.5542477369308472 29
1764058426117 0.4978064298629761 39
1764058433843 0.5209224820137024 49
1764058444755 0.3560902178287506 59
1764058452481 0.40882933139801025 69
1764058459777 0.23976534605026245 79
1764058467027 0.24377745389938354 89
1764058473470 0.20265933871269226 99
1764058488062 0.2131243646144867 109
1764058496351 0.21543195843696594 119
1764058504636 0.1672794073820114 129
1764058512943 0.17225410044193268 139
1764058522577 0.421770840883255 149
1764058540072 0.30316683650016785 159
1764058552830 0.14834991097450256 169
1764059564010 0.14889644086360931 179
1764059566902 0.13493096828460693 189
1764059569545 0.34932971000671387 199
1764059581177 0.15714824199676514 209
1764059583918 0.10163024067878723 219
1764059586691 0.13316388428211212 229
1764059589445 0.14279261231422424 239
1764059592080 0.36942416429519653 249
1764059602137 0.11276964843273163 259
1764059604890 0.1061677485704422 269
1764059607672 0.10621894896030426 279
1764059610441 0.09802407026290894 289
1764059613034 0.19651693105697632 299
1764059623572 0.17284798622131348 309
1764059626343 0.11355580389499664 319
1764059629087 0.10568822920322418 329
1764059631866 0.10299156606197357 339
1764059634491 0.2674098014831543 349
1764059644789 0.1407688409090042 359
1764059649063 0.08584420382976532 369
1764059653663 0.13530050218105316 379
1764059657022 0.15471488237380981 389
1764059660872 0.14824643731117249 399
1764059671450 0.08759013563394547 409
1764059674186 0.08242886513471603 419
1764059678749 0.09380999207496643 429
1764059684828 0.09241671860218048 439
1764059688289 0.4761294424533844 449
1764059699115 0.13258185982704163 459
1764059702160 0.13234975934028625 469
1764059709483 0.1655084490776062 479
1764059713790 0.0939493179321289 489
1764059718966 0.23345276713371277 499
1764059732575 0.11499619483947754 509
1764059735324 0.07064365595579147 519
1764059741699 0.06634490936994553 529
1764060298651 0.07921178638935089 539
1764060301318 0.1605619490146637 549
1764060313091 0.058703579008579254 559
1764060315885 0.08260604739189148 569
1764060318641 0.07175092399120331 579
1764060321392 0.05695527419447899 589
1764060323997 0.19907864928245544 599
1764060334427 0.0663091391324997 609
1764060337188 0.06423774361610413 619
1764060339915 0.06448614597320557 629
1764060342640 0.04937349259853363 639
1764060345229 0.3397822976112366 649
1764060356745 0.07343950867652893 659
1764060359499 0.061318643391132355 669
1764060362262 0.047650132328271866 679
1764060365048 0.04437541961669922 689
1764060367658 0.10744580626487732 699
1764060377744 0.04717997461557388 709
1764060380477 0.048756957054138184 719
1764060383318 0.04244570434093475 729
1764060388187 0.05198262631893158 739
1764060391202 0.2779079079627991 749
