1764029324411 0.0 9
1764029327195 0.0 19
1764029329926 0.0 29
1764029332649 0.0 39
1764029335594 0.0 49
1764029336616 0.0 49
1764029342002 1.0 59
1764029344724 1.0 69
1764029347496 1.0 79
1764029350250 1.0 89
1764029352789 1.0 99
1764029353741 1.0 99
1764029359490 2.0 109
1764029362254 2.0 119
1764029364979 2.0 129
1764029367729 2.0 139
1764029370344 2.0 149
1764029371293 2.0 149
1764029376672 3.0 159
1764029379538 3.0 169
1764029383741 3.0 179
1764029386904 3.0 189
1764029389459 3.0 199
1764029390431 3.0 199
1764029395957 4.0 209
1764029398990 4.0 219
1764029404353 4.0 229
1764029407294 4.0 239
1764029410148 4.0 249
1764029411945 4.0 249
1764029417678 5.0 259
1764029422348 5.0 269
1764029427172 5.0 279
1764029430460 5.0 289
1764029433732 5.0 299
1764029435513 5.0 299
1764029440836 6.0 309
1764029446111 6.0 319
1764029449810 6.0 329
1764030419324 6.0 339
1764030422945 6.0 349
1764030423856 6.0 349
1764030429754 7.0 359
1764030432517 7.0 369
1764030435276 7.0 379
1764030438037 7.0 389
1764030440668 7.0 399
1764030441639 7.0 399
1764030447093 8.0 409
1764030449820 8.0 419
1764030452553 8.0 429
1764030455291 8.0 439
1764030457889 8.0 449
1764030458801 8.0 449
1764030463936 9.0 459
1764030466680 9.0 469
1764030469439 9.0 479
1764030472208 9.0 489
1764030474794 9.0 499
1764030475701 9.0 499
1764030480642 10.0 509
1764030483396 10.0 519
1764030486167 10.0 529
1764030488923 10.0 539
1764030491574 10.0 549
1764030492478 10.0 549
1764030497388 11.0 559
1764030500144 11.0 569
1764030502865 11.0 579
1764030505587 11.0 589
1764030508139 11.0 599
1764030509068 11.0 599
1764030514176 12.0 609
1764030517589 12.0 619
1764030521335 12.0 629
1764030524221 12.0 639
1764030526935 12.0 649
1764030528038 12.0 649
1764030533313 13.0 659
1764030536656 13.0 669
1764030540524 13.0 679
1764030543744 13.0 689
1764030546651 13.0 699
1764030547746 13.0 699
1764030552957 14.0 709
1764030557025 14.0 719
1764030560905 14.0 729
1764030564032 14.0 739
1764030567796 14.0 749
1764030569694 14.0 749
1764030574636 15.0 759
1764030578602 15.0 769
1764030583955 15.0 779
1764030587257 15.0 789
1764030592376 15.0 799
1764030593646 15.0 799
1764030598641 16.0 809
1764031510290 16.0 819
1764031513053 16.0 829
1764031515806 16.0 839
1764031518351 16.0 849
1764031519326 16.0 849
1764031524250 17.0 859
1764031526990 17.0 869
1764031529715 17.0 879
1764031532470 17.0 889
1764031535076 17.0 899
1764031535955 17.0 899
1764031541078 18.0 909
1764031543832 18.0 919
1764031546596 18.0 929
1764031549340 18.0 939
1764031551936 18.0 949
1764031552835 18.0 949
1764031557794 19.0 959
1764031560527 19.0 969
1764032544661 19.0 979
1764032547416 19.0 989
1764032549966 19.0 999
1764032550945 19.0 999
1764032555988 20.0 1009
1764032558763 20.0 1019
1764032561531 20.0 1029
1764032564275 20.0 1039
1764032566890 20.0 1049
1764032567777 20.0 1049
1764032572615 21.0 1059
1764032575382 21.0 1069
1764032578133 21.0 1079
1764032580885 21.0 1089
1764032583470 21.0 1099
1764032584362 21.0 1099
1764032589551 22.0 1109
1764032592285 22.0 1119
1764032595013 22.0 1129
1764032597783 22.0 1139
1764032600324 22.0 1149
1764032601320 22.0 1149
1764032606425 23.0 1159
1764032609193 23.0 1169
1764032611937 23.0 1179
1764032614676 23.0 1189
1764032617322 23.0 1199
1764032618221 23.0 1199
1764032623072 24.0 1209
1764032625876 24.0 1219
1764032629024 24.0 1229
1764032632497 24.0 1239
1764032635287 24.0 1249
1764032636245 24.0 1249
1764033651086 25.0 1259
1764033653871 25.0 1269
1764033656625 25.0 1279
1764033659407 25.0 1289
1764033662007 25.0 1299
1764033662917 25.0 1299
1764033668487 26.0 1309
1764033671243 26.0 1319
1764033673971 26.0 1329
1764033676722 26.0 1339
1764033679339 26.0 1349
1764033680224 26.0 1349
1764033685344 27.0 1359
1764033688091 27.0 1369
1764033690822 27.0 1379
1764033693548 27.0 1389
1764033696118 27.0 1399
1764033697018 27.0 1399
1764033702195 28.0 1409
1764033704958 28.0 1419
1764033707710 28.0 1429
1764033710444 28.0 1439
1764033713047 28.0 1449
1764033713947 28.0 1449
1764033719029 29.0 1459
1764033721776 29.0 1469
1764033724529 29.0 1479
1764033727268 29.0 1489
1764033729885 29.0 1499
1764034703214 29.0 1499
1764034708841 30.0 1509
1764034711574 30.0 1519
1764034714322 30.0 1529
1764034717048 30.0 1539
1764034719666 30.0 1549
1764034720564 30.0 1549
1764034725653 31.0 1559
1764034728394 31.0 1569
1764034731130 31.0 1579
1764034733874 31.0 1589
1764034736474 31.0 1599
1764034737384 31.0 1599
1764034742535 32.0 1609
1764034745298 32.0 1619
1764034748023 32.0 1629
1764034750749 32.0 1639
1764034753352 32.0 1649
1764034754249 32.0 1649
1764034759398 33.0 1659
1764034762135 33.0 1669
1764035678591 33.0 1679
1764035681350 33.0 1689
1764035683952 33.0 1699
1764035684858 33.0 1699
1764035689811 34.0 1709
1764035692594 34.0 1719
1764035695350 34.0 1729
1764035698110 34.0 1739
1764035700758 34.0 1749
1764035701657 34.0 1749
1764035708051 35.0 1759
1764035710809 35.0 1769
1764035713544 35.0 1779
1764035716284 35.0 1789
1764035718902 35.0 1799
1764035719806 35.0 1799
1764035725116 36.0 1809
1764035727904 36.0 1819
1764035730653 36.0 1829
1764035733404 36.0 1839
1764035735979 36.0 1849
1764035736882 36.0 1849
1764035741810 37.0 1859
1764036677062 37.0 1869
1764036679834 37.0 1879
1764036682585 37.0 1889
1764036685196 37.0 1899
1764036686112 37.0 1899
1764036691159 38.0 1909
1764036693914 38.0 1919
1764036696684 38.0 1929
1764036699450 38.0 1939
1764036702094 38.0 1949
1764036702998 38.0 1949
1764036708086 39.0 1959
1764036710843 39.0 1969
1764036713580 39.0 1979
1764036716322 39.0 1989
1764036718971 39.0 1999
1764036719859 39.0 1999
1764036725075 40.0 2009
1764036727827 40.0 2019
1764036730558 40.0 2029
1764036733310 40.0 2039
1764036735937 40.0 2049
1764036736906 40.0 2049
1764036741651 41.0 2059
1764036744401 41.0 2069
1764036747177 41.0 2079
1764036749957 41.0 2089
1764036752551 41.0 2099
1764036753489 41.0 2099
1764036758411 42.0 2109
1764036761175 42.0 2119
1764036763943 42.0 2129
1764036766711 42.0 2139
1764036769442 42.0 2149
1764036770532 42.0 2149
1764036775509 43.0 2159
1764036778251 43.0 2169
1764036780974 43.0 2179
1764036783724 43.0 2189
1764036787139 43.0 2199
1764036788807 43.0 2199
1764036793465 44.0 2209
1764036796189 44.0 2219
1764036798922 44.0 2229
1764036803333 44.0 2239
1764036806910 44.0 2249
1764036807846 44.0 2249
1764036812894 45.0 2259
1764036815677 45.0 2269
1764036818682 45.0 2279
1764036824182 45.0 2289
1764036826925 45.0 2299
1764036827903 45.0 2299
1764036832817 46.0 2309
1764036837769 46.0 2319
1764036841485 46.0 2329
1764036844417 46.0 2339
1764036849225 46.0 2349
1764036850727 46.0 2349
1764036855333 47.0 2359
1764037774443 47.0 2369
1764037779175 47.0 2379
1764037781903 47.0 2389
1764037784506 47.0 2399
1764037785450 47.0 2399
1764037790856 48.0 2409
1764037793619 48.0 2419
1764037796361 48.0 2429
1764037799130 48.0 2439
1764037801726 48.0 2449
1764037802696 48.0 2449
1764037807634 49.0 2459
1764037810377 49.0 2469
1764037813146 49.0 2479
1764037815881 49.0 2489
1764037818446 49.0 2499
1764037819417 49.0 2499
1764038734210 50.0 2509
1764038736961 50.0 2519
1764038739725 50.0 2529
1764038742446 50.0 2539
1764038745043 50.0 2549
1764038745945 50.0 2549
1764038750959 51.0 2559
1764038753701 51.0 2569
1764038756467 51.0 2579
1764038759237 51.0 2589
1764038761837 51.0 2599
1764038762786 51.0 2599
1764038767589 52.0 2609
1764038770376 52.0 2619
1764038773141 52.0 2629
1764038775863 52.0 2639
1764038778450 52.0 2649
1764038779367 52.0 2649
1764038783959 53.0 2659
1764038786687 53.0 2669
1764038789446 53.0 2679
1764039778935 53.0 2689
1764039781596 53.0 2699
1764039782504 53.0 2699
1764039787327 54.0 2709
1764039790052 54.0 2719
1764039792777 54.0 2729
1764039795569 54.0 2739
1764039798110 54.0 2749
1764039799083 54.0 2749
1764039803427 55.0 2759
1764039806172 55.0 2769
1764039808917 55.0 2779
1764039811654 55.0 2789
1764039814247 55.0 2799
1764039815152 55.0 2799
1764039819965 56.0 2809
1764039822707 56.0 2819
1764039825439 56.0 2829
1764039828168 56.0 2839
1764039830712 56.0 2849
1764039831729 56.0 2849
1764039836540 57.0 2859
1764039839267 57.0 2869
1764039841989 57.0 2879
1764039844746 57.0 2889
1764039847353 57.0 2899
1764039848250 57.0 2899
1764039852689 58.0 2909
1764039855413 58.0 2919
1764039858151 58.0 2929
1764039860872 58.0 2939
1764039863412 58.0 2949
1764039864361 58.0 2949
1764039868992 59.0 2959
1764039871710 59.0 2969
1764039874432 59.0 2979
1764039877180 59.0 2989
1764039879878 59.0 2999
1764039880908 59.0 2999
1764039885799 60.0 3009
1764039888591 60.0 3019
1764039891313 60.0 3029
1764039894033 60.0 3039
1764039896802 60.0 3049
1764039898144 60.0 3049
1764039902886 61.0 3059
1764039905620 61.0 3069
1764039908631 61.0 3079
1764039912785 61.0 3089
1764039915694 61.0 3099
1764039916646 61.0 3099
1764039921023 62.0 3109
1764039923826 62.0 3119
1764039928694 62.0 3129
1764039932316 62.0 3139
1764039935007 62.0 3149
1764039935986 62.0 3149
1764039941127 63.0 3159
1764039945239 63.0 3169
1764039948266 63.0 3179
1764039951388 63.0 3189
1764039955825 63.0 3199
1764039957053 63.0 3199
1764040037199 64.0 3209
1764040039961 64.0 3219
1764040042733 64.0 3229
1764040045501 64.0 3239
1764040048120 64.0 3249
1764040049021 64.0 3249
1764040053414 65.0 3259
1764040056204 65.0 3269
1764040058981 65.0 3279
1764040061725 65.0 3289
1764040064297 65.0 3299
1764040065232 65.0 3299
1764040069699 66.0 3309
1764040072481 66.0 3319
1764040075227 66.0 3329
1764040078243 66.0 3339
1764041004967 66.0 3349
1764041005946 66.0 3349
1764041010542 67.0 3359
1764041013297 67.0 3369
1764041016064 67.0 3379
1764041018798 67.0 3389
1764041021395 67.0 3399
1764041022305 67.0 3399
1764041027051 68.0 3409
1764041029813 68.0 3419
1764041032538 68.0 3429
1764041035297 68.0 3439
1764041037880 68.0 3449
1764041038783 68.0 3449
1764041043396 69.0 3459
1764041046123 69.0 3469
1764041048848 69.0 3479
1764041051587 69.0 3489
1764041054157 69.0 3499
1764041055104 69.0 3499
1764041059753 70.0 3509
1764041062508 70.0 3519
1764041065267 70.0 3529
1764041068017 70.0 3539
1764041070616 70.0 3549
1764041071806 70.0 3549
1764041076346 71.0 3559
1764041079090 71.0 3569
1764041081948 71.0 3579
1764041084697 71.0 3589
1764041087303 71.0 3599
1764042082666 71.0 3599
1764042087780 72.0 3609
1764042090506 72.0 3619
1764042093264 72.0 3629
1764042096040 72.0 3639
1764042098618 72.0 3649
1764042099541 72.0 3649
1764042104262 73.0 3659
1764042107017 73.0 3669
1764042109746 73.0 3679
1764042112518 73.0 3689
1764042115084 73.0 3699
1764042116018 73.0 3699
1764042120780 74.0 3709
1764042123517 74.0 3719
1764042126266 74.0 3729
1764042129010 74.0 3739
1764042131656 74.0 3749
1764043064161 74.0 3749
1764043069087 75.0 3759
1764043071843 75.0 3769
1764043074583 75.0 3779
1764043077310 75.0 3789
1764043079912 75.0 3799
1764043080800 75.0 3799
1764043085626 76.0 3809
1764043088356 76.0 3819
1764043091081 76.0 3829
1764043093815 76.0 3839
1764043096425 76.0 3849
1764043097329 76.0 3849
1764043102259 77.0 3859
1764043105059 77.0 3869
1764043107810 77.0 3879
1764043110541 77.0 3889
1764043113122 77.0 3899
1764043114020 77.0 3899
1764043118879 78.0 3909
1764043121603 78.0 3919
1764043124365 78.0 3929
1764043127134 78.0 3939
1764043129784 78.0 3949
1764043130687 78.0 3949
1764043135514 79.0 3959
1764043138234 79.0 3969
1764043140954 79.0 3979
1764043143676 79.0 3989
1764043146217 79.0 3999
1764043147091 79.0 3999
