1764029324411 0.7006184458732605 9
1764029327195 0.6079367995262146 19
1764029329926 0.6423324942588806 29
1764029332649 0.5619146823883057 39
1764029335594 0.5444082617759705 49
1764029342002 0.32641980051994324 59
1764029344724 0.4536243677139282 69
1764029347496 0.312631756067276 79
1764029350250 0.3579224944114685 89
1764029352789 0.24312534928321838 99
1764029359490 0.2591375708580017 109
1764029362254 0.21722805500030518 119
1764029364979 0.174608051776886 129
1764029367729 0.1782532036304474 139
1764029370344 0.38698434829711914 149
1764029376672 0.3224974274635315 159
1764029379538 0.1183156818151474 169
1764029383741 0.12542088329792023 179
1764029386904 0.11906694620847702 189
1764029389459 0.2878715395927429 199
1764029395957 0.13884250819683075 209
1764029398990 0.07618076354265213 219
1764029404353 0.12217678874731064 229
1764029407294 0.11272530257701874 239
1764029410148 0.31229233741760254 249
1764029417678 0.07900780439376831 259
1764029422348 0.07553490996360779 269
1764029427172 0.08332956582307816 279
1764029430460 0.06215988099575043 289
1764029433732 0.10178312659263611 299
1764029440836 0.0663195475935936 309
1764029446111 0.056384533643722534 319
1764029449810 0.06193583086133003 329
1764030419324 0.07840027660131454 339
1764030422945 0.2736746668815613 349
1764030429754 0.1059403270483017 359
1764030432517 0.06479047983884811 369
1764030435276 0.11147332191467285 379
1764030438037 0.06988561153411865 389
1764030440668 0.11992529779672623 399
1764030447093 0.05108073353767395 409
1764030449820 0.05583786219358444 419
1764030452553 0.06772192567586899 429
1764030455291 0.08287976682186127 439
1764030457889 0.44761088490486145 449
1764030463936 0.0723000019788742 459
1764030466680 0.0730476826429367 469
1764030469439 0.11325431615114212 479
1764030472208 0.062258508056402206 489
1764030474794 0.1301741898059845 499
1764030480642 0.0924118161201477 509
1764030483396 0.050558581948280334 519
1764030486167 0.04796148091554642 529
1764030488923 0.05652868002653122 539
1764030491574 0.12501388788223267 549
1764030497388 0.04814811795949936 559
1764030500144 0.07260210812091827 569
1764030502865 0.058856118470430374 579
1764030505587 0.044117994606494904 589
1764030508139 0.11201027035713196 599
1764030514176 0.04555549472570419 609
1764030517589 0.044298745691776276 619
1764030521335 0.04972156882286072 629
1764030524221 0.04661630094051361 639
1764030526935 0.26510733366012573 649
1764030533313 0.060936566442251205 659
1764030536656 0.04900556802749634 669
1764030540524 0.038965921849012375 679
1764030543744 0.03493494540452957 689
1764030546651 0.10610504448413849 699
1764030552957 0.036131005734205246 709
1764030557025 0.04668326675891876 719
1764030560905 0.03532097488641739 729
1764030564032 0.03763044625520706 739
1764030567796 0.2404712587594986 749
1764030574636 0.1002144142985344 759
1764030578602 0.06460745632648468 769
1764030583955 0.196903795003891 779
1764030587257 0.07382915169000626 789
1764030592376 0.194780632853508 799
1764030598641 0.057707779109478 809
1764031510290 0.04673614725470543 819
1764031513053 0.0478418692946434 829
1764031515806 0.05683620274066925 839
1764031518351 0.27972501516342163 849
1764031524250 0.07525433599948883 859
1764031526990 0.05033217743039131 869
1764031529715 0.05194690451025963 879
1764031532470 0.06557883322238922 889
1764031535076 0.33273303508758545 899
1764031541078 0.10262564569711685 909
1764031543832 0.048627838492393494 919
1764031546596 0.0634252056479454 929
1764031549340 0.053508296608924866 939
1764031551936 0.1573311984539032 949
1764031557794 0.03717406839132309 959
1764031560527 0.03046240285038948 969
1764032544661 0.058485954999923706 979
1764032547416 0.05009564384818077 989
1764032549966 0.8822083473205566 999
1764032555988 0.04704566299915314 1009
1764032558763 0.05080849677324295 1019
1764032561531 0.04597567021846771 1029
1764032564275 0.03723525628447533 1039
1764032566890 0.7686219215393066 1049
1764032572615 0.048508234322071075 1059
1764032575382 0.06846514344215393 1069
1764032578133 0.06223662942647934 1079
1764032580885 0.03217362239956856 1089
1764032583470 0.959166407585144 1099
1764032589551 0.04003848508000374 1109
1764032592285 0.03923339396715164 1119
1764032595013 0.0360332690179348 1129
1764032597783 0.03358941525220871 1139
1764032600324 0.6058928966522217 1149
1764032606425 0.044925786554813385 1159
1764032609193 0.03646017238497734 1169
1764032611937 0.0538807213306427 1179
1764032614676 0.03317441791296005 1189
1764032617322 0.2717946767807007 1199
1764032623072 0.09855403006076813 1209
1764032625876 0.09646034985780716 1219
1764032629024 0.053813908249139786 1229
1764032632497 0.045151665806770325 1239
1764032635287 0.17440751194953918 1249
1764033651086 0.03329508751630783 1259
1764033653871 0.036559171974658966 1269
1764033656625 0.03048708289861679 1279
1764033659407 0.03104962781071663 1289
1764033662007 0.05154809728264809 1299
1764033668487 0.041566312313079834 1309
1764033671243 0.03285757079720497 1319
1764033673971 0.06494329869747162 1329
1764033676722 0.0413786880671978 1339
1764033679339 0.1736840009689331 1349
1764033685344 0.033836670219898224 1359
1764033688091 0.027789968997240067 1369
1764033690822 0.040180787444114685 1379
1764033693548 0.028731569647789 1389
1764033696118 0.11513207852840424 1399
1764033702195 0.027270954102277756 1409
1764033704958 0.03334207832813263 1419
1764033707710 0.039302363991737366 1429
1764033710444 0.031025303527712822 1439
1764033713047 0.17282074689865112 1449
1764033719029 0.036439649760723114 1459
1764033721776 0.026530463248491287 1469
1764033724529 0.0364217683672905 1479
1764033727268 0.028028590604662895 1489
1764033729885 0.10479907691478729 1499
1764034708841 0.03488365560770035 1509
1764034711574 0.025496751070022583 1519
1764034714322 0.06888709217309952 1529
1764034717048 0.025105733424425125 1539
1764034719666 0.09343838691711426 1549
1764034725653 0.02396583929657936 1559
1764034728394 0.02919827029109001 1569
1764034731130 0.02700555883347988 1579
1764034733874 0.04005012661218643 1589
1764034736474 0.06774017214775085 1599
1764034742535 0.02649036794900894 1609
1764034745298 0.027132906019687653 1619
1764034748023 0.03315623104572296 1629
1764034750749 0.02635987102985382 1639
1764034753352 0.11642063409090042 1649
1764034759398 0.03243319317698479 1659
1764034762135 0.04350116476416588 1669
1764035678591 0.02873753197491169 1679
1764035681350 0.026423964649438858 1689
1764035683952 0.19742673635482788 1699
1764035689811 0.035149022936820984 1709
1764035692594 0.02906733565032482 1719
1764035695350 0.027311008423566818 1729
1764035698110 0.0327334925532341 1739
1764035700758 0.2014351785182953 1749
1764035708051 0.05225018039345741 1759
1764035710809 0.05266954004764557 1769
1764035713544 0.04409395903348923 1779
1764035716284 0.06055185943841934 1789
1764035718902 0.1627107411623001 1799
1764035725116 0.04205171763896942 1809
1764035727904 0.03970590978860855 1819
1764035730653 0.03685588762164116 1829
1764035733404 0.03075619786977768 1839
1764035735979 0.10036541521549225 1849
1764035741810 0.02693270333111286 1859
1764036677062 0.03266046941280365 1869
1764036679834 0.027171999216079712 1879
1764036682585 0.09603279083967209 1889
1764036685196 0.15813878178596497 1899
1764036691159 0.030054017901420593 1909
1764036693914 0.032759763300418854 1919
1764036696684 0.026759188622236252 1929
1764036699450 0.03685995191335678 1939
1764036702094 0.12136686593294144 1949
1764036708086 0.043580155819654465 1959
1764036710843 0.03323492407798767 1969
1764036713580 0.03230082988739014 1979
1764036716322 0.040173254907131195 1989
1764036718971 0.04969802498817444 1999
1764036725075 0.030417773872613907 2009
1764036727827 0.02583548054099083 2019
1764036730558 0.03613954782485962 2029
1764036733310 0.023393984884023666 2039
1764036735937 0.0790596455335617 2049
1764036741651 0.03646766394376755 2059
1764036744401 0.02859541028738022 2069
1764036747177 0.0279974564909935 2079
1764036749957 0.04002036154270172 2089
1764036752551 0.0926506444811821 2099
1764036758411 0.024747349321842194 2109
1764036761175 0.0237395279109478 2119
1764036763943 0.04091711342334747 2129
1764036766711 0.025631796568632126 2139
1764036769442 0.10817430168390274 2149
1764036775509 0.025802120566368103 2159
1764036778251 0.029135815799236298 2169
1764036780974 0.024980146437883377 2179
1764036783724 0.021778661757707596 2189
1764036787139 0.12111787497997284 2199
1764036793465 0.033837348222732544 2209
1764036796189 0.026513541117310524 2219
1764036798922 0.02482525445520878 2229
1764036803333 0.022476160898804665 2239
1764036806910 0.06207709759473801 2249
1764036812894 0.08697905391454697 2259
1764036815677 0.019784187898039818 2269
1764036818682 0.024520568549633026 2279
1764036824182 0.021208977326750755 2289
1764036826925 0.10462356358766556 2299
1764036832817 0.025562426075339317 2309
1764036837769 0.031563639640808105 2319
1764036841485 0.03440123796463013 2329
1764036844417 0.022981049492955208 2339
1764036849225 0.04614175856113434 2349
1764036855333 0.022028382867574692 2359
1764037774443 0.033826157450675964 2369
1764037779175 0.0238768570125103 2379
1764037781903 0.024829592555761337 2389
1764037784506 0.05148342251777649 2399
1764037790856 0.023124439641833305 2409
1764037793619 0.02105695568025112 2419
1764037796361 0.027102895081043243 2429
1764037799130 0.03108368068933487 2439
1764037801726 0.11035406589508057 2449
1764037807634 0.039929307997226715 2459
1764037810377 0.040478870272636414 2469
1764037813146 0.024723732843995094 2479
1764037815881 0.024716749787330627 2489
1764037818446 0.12373808771371841 2499
1764038734210 0.02643926441669464 2509
1764038736961 0.023632120341062546 2519
1764038739725 0.03169158846139908 2529
1764038742446 0.02540459856390953 2539
1764038745043 0.06889497488737106 2549
1764038750959 0.027270503342151642 2559
1764038753701 0.023656222969293594 2569
1764038756467 0.0221710167825222 2579
1764038759237 0.02736494317650795 2589
1764038761837 0.030063210055232048 2599
1764038767589 0.028216633945703506 2609
1764038770376 0.02107256092131138 2619
1764038773141 0.02185126394033432 2629
1764038775863 0.020028676837682724 2639
1764038778450 0.12157007306814194 2649
1764038783959 0.02129388600587845 2659
1764038786687 0.023548467084765434 2669
1764038789446 0.021137576550245285 2679
1764039778935 0.02105100452899933 2689
1764039781596 0.05749111995100975 2699
1764039787327 0.020635876804590225 2709
1764039790052 0.029368136078119278 2719
1764039792777 0.04747658967971802 2729
1764039795569 0.023519165813922882 2739
1764039798110 0.07350954413414001 2749
1764039803427 0.018929865211248398 2759
1764039806172 0.02752918191254139 2769
1764039808917 0.021071188151836395 2779
1764039811654 0.03383249789476395 2789
1764039814247 0.9711048603057861 2799
1764039819965 0.027342282235622406 2809
1764039822707 0.02638884261250496 2819
1764039825439 0.029694240540266037 2829
1764039828168 0.026213228702545166 2839
1764039830712 0.06958283483982086 2849
1764039836540 0.02343991957604885 2859
1764039839267 0.023945771157741547 2869
1764039841989 0.026493379846215248 2879
1764039844746 0.020803868770599365 2889
1764039847353 0.926960825920105 2899
1764039852689 0.04423252120614052 2909
1764039855413 0.06802749633789062 2919
1764039858151 0.04609473794698715 2929
1764039860872 0.03881363943219185 2939
1764039863412 0.0412050262093544 2949
1764039868992 0.03579423576593399 2959
1764039871710 0.033258095383644104 2969
1764039874432 0.02602514997124672 2979
1764039877180 0.02567010372877121 2989
1764039879878 0.05531216040253639 2999
1764039885799 0.027128562331199646 3009
1764039888591 0.029715171083807945 3019
1764039891313 0.022150982171297073 3029
1764039894033 0.029738344252109528 3039
1764039896802 0.09465967118740082 3049
1764039902886 0.03322283551096916 3059
1764039905620 0.03297410160303116 3069
1764039908631 0.03366658091545105 3079
1764039912785 0.0250779390335083 3089
1764039915694 1.0970313549041748 3099
1764039921023 0.05522604286670685 3109
1764039923826 0.04389191418886185 3119
1764039928694 0.027037717401981354 3129
1764039932316 0.02945416048169136 3139
1764039935007 0.13978034257888794 3149
1764039941127 0.02869386225938797 3159
1764039945239 0.03858709707856178 3169
1764039948266 0.022872310131788254 3179
1764039951388 0.024887442588806152 3189
1764039955825 0.07337281107902527 3199
1764040037199 0.021957537159323692 3209
1764040039961 0.03204994276165962 3219
1764040042733 0.026700802147388458 3229
1764040045501 0.029005367308855057 3239
1764040048120 0.07091163098812103 3249
1764040053414 0.023906270042061806 3259
1764040056204 0.02179660275578499 3269
1764040058981 0.02195005491375923 3279
1764040061725 0.022106558084487915 3289
1764040064297 0.098838210105896 3299
1764040069699 0.01988806761801243 3309
1764040072481 0.019909145310521126 3319
1764040075227 0.022983737289905548 3329
1764040078243 0.021364066749811172 3339
1764041004967 0.07196306437253952 3349
1764041010542 0.020374195650219917 3359
1764041013297 0.019836049526929855 3369
1764041016064 0.0256003737449646 3379
1764041018798 0.02448243275284767 3389
1764041021395 0.10660702735185623 3399
1764041027051 0.022905133664608 3409
1764041029813 0.0194297693669796 3419
1764041032538 0.026938728988170624 3429
1764041035297 0.02067459002137184 3439
1764041037880 0.08321927487850189 3449
1764041043396 0.028798114508390427 3459
1764041046123 0.02404996007680893 3469
1764041048848 0.02370072901248932 3479
1764041051587 0.02374938502907753 3489
1764041054157 0.05678509548306465 3499
1764041059753 0.023716088384389877 3509
1764041062508 0.03167286887764931 3519
1764041065267 0.022911567240953445 3529
1764041068017 0.02032611146569252 3539
1764041070616 0.10244928300380707 3549
1764041076346 0.025980263948440552 3559
1764041079090 0.020367976278066635 3569
1764041081948 0.020485738292336464 3579
1764041084697 0.019217783585190773 3589
1764041087303 0.08523909747600555 3599
1764042087780 0.025196140632033348 3609
1764042090506 0.02166697569191456 3619
1764042093264 0.020570263266563416 3629
1764042096040 0.028342047706246376 3639
1764042098618 0.04325581341981888 3649
1764042104262 0.021134601905941963 3659
1764042107017 0.02331513911485672 3669
1764042109746 0.02171236090362072 3679
1764042112518 0.020422540605068207 3689
1764042115084 0.03944241628050804 3699
1764042120780 0.022043250501155853 3709
1764042123517 0.01940464973449707 3719
1764042126266 0.0235113725066185 3729
1764042129010 0.021066974848508835 3739
1764042131656 0.07785698771476746 3749
1764043069087 0.019936740398406982 3759
1764043071843 0.019395770505070686 3769
1764043074583 0.019039195030927658 3779
1764043077310 0.019301027059555054 3789
1764043079912 0.05186210572719574 3799
1764043085626 0.022621531039476395 3809
1764043088356 0.01868063025176525 3819
1764043091081 0.02215256541967392 3829
1764043093815 0.018501415848731995 3839
1764043096425 0.07940427958965302 3849
1764043102259 0.02251378819346428 3859
1764043105059 0.027193667367100716 3869
1764043107810 0.019882330670952797 3879
1764043110541 0.021830055862665176 3889
1764043113122 0.039948470890522 3899
1764043118879 0.019812751561403275 3909
1764043121603 0.021674996241927147 3919
1764043124365 0.01996392384171486 3929
1764043127134 0.027276847511529922 3939
1764043129784 0.070114865899086 3949
1764043135514 0.021793419495224953 3959
1764043138234 0.02006268873810768 3969
1764043140954 0.017545413225889206 3979
1764043143676 0.01859617605805397 3989
1764043146217 0.03366551548242569 3999
