1764688212974 0.0 9
1764688221046 0.0 19
1764688229025 0.0 29
1764688237025 0.0 39
1764688245014 0.0 49
1764688253010 0.0 59
1764688262576 0.0 66
1764688265241 1.0 69
1764688273227 1.0 79
1764688281228 1.0 89
1764688289189 1.0 99
1764688297152 1.0 109
1764688305108 1.0 119
1764688313122 1.0 129
1764688318995 1.0 133
1764688323839 2.0 139
1764688331792 2.0 149
1764688339767 2.0 159
1764688347735 2.0 169
1764688355710 2.0 179
1764688363651 2.0 189
1764688371621 2.0 199
1764688375083 2.0 200
1764688382312 3.0 209
1764688390290 3.0 219
1764688398268 3.0 229
1764688406258 3.0 239
1764688414223 3.0 249
1764688422193 3.0 259
1764688431316 3.0 267
1764688432966 4.0 269
1764688440939 4.0 279
1764688448929 4.0 289
1764688456941 4.0 299
1764688464964 4.0 309
1764688472993 4.0 319
1764688480995 4.0 329
1764688487768 4.0 334
1764688491947 5.0 339
1764688500014 5.0 349
1764688508061 5.0 359
1764688516088 5.0 369
1764688524056 5.0 379
1764688532035 5.0 389
1764688540061 5.0 399
1764688544420 5.0 401
1764688550863 6.0 409
1764688558863 6.0 419
1764688566856 6.0 429
1764688574837 6.0 439
1764688582833 6.0 449
1764688590817 6.0 459
1764688600814 6.0 468
1764688601667 7.0 469
1764688609686 7.0 479
1764688617701 7.0 489
1764688625695 7.0 499
1764688633697 7.0 509
1764688641680 7.0 519
1764688649652 7.0 529
1764688657201 7.0 535
1764688660442 8.0 539
1764688668434 8.0 549
1764688676443 8.0 559
1764688684433 8.0 569
1764688692418 8.0 579
1764688700415 8.0 589
1764688708421 8.0 599
1764688713517 8.0 602
1764688719139 9.0 609
1764688727109 9.0 619
1764688735097 9.0 629
1764688743107 9.0 639
1764688751092 9.0 649
1764688759062 9.0 659
1764688766471 9.0 669
1764688769832 9.0 669
1764688777838 10.0 679
1764688785877 10.0 689
1764688793905 10.0 699
1764688801901 10.0 709
1764688809896 10.0 719
1764688817968 10.0 729
1764688826301 10.0 736
1764688828764 11.0 739
1764688836777 11.0 749
1764688844814 11.0 759
1764688852807 11.0 769
1764688860793 11.0 779
1764688868788 11.0 789
1764688876785 11.0 799
1764688882697 11.0 803
1764688887521 12.0 809
1764688895523 12.0 819
1764688903535 12.0 829
1764688911551 12.0 839
1764688919563 12.0 849
1764688927583 12.0 859
1764688935574 12.0 869
1764688939107 12.0 870
1764688946337 13.0 879
1764688954332 13.0 889
1764688962328 13.0 899
1764688970367 13.0 909
1764688978376 13.0 919
1764688986383 13.0 929
1764688995517 13.0 937
1764688997174 14.0 939
1764689005179 14.0 949
1764689013180 14.0 959
1764689021174 14.0 969
1764689029158 14.0 979
1764689037148 14.0 989
1764689045136 14.0 999
1764689051889 14.0 1004
1764689055930 15.0 1009
1764689063933 15.0 1019
1764689071925 15.0 1029
1764689079944 15.0 1039
1764689087960 15.0 1049
1764689095983 15.0 1059
1764689104011 15.0 1069
1764689108338 15.0 1071
1764689114780 16.0 1079
1764689122770 16.0 1089
1764689130786 16.0 1099
1764689138802 16.0 1109
1764689146825 16.0 1119
1764689154813 16.0 1129
1764689164797 16.0 1138
1764689165648 17.0 1139
1764689173638 17.0 1149
1764689181645 17.0 1159
1764689189624 17.0 1169
1764689197612 17.0 1179
1764689205610 17.0 1189
1764689213603 17.0 1199
1764689221127 17.0 1205
1764689224443 18.0 1209
1764689232845 18.0 1219
1764689241092 18.0 1229
1764689249122 18.0 1239
1764689257175 18.0 1249
1764689265294 18.0 1259
1764689273349 18.0 1269
1764689278719 18.0 1272
1764689284360 19.0 1279
1764689292362 19.0 1289
1764689300395 19.0 1299
1764689308399 19.0 1309
1764689316391 19.0 1319
1764689324406 19.0 1329
1764689332214 19.0 1339
1764689335649 19.0 1339
1764689343930 20.0 1349
1764689352017 20.0 1359
1764689360075 20.0 1369
1764689368115 20.0 1379
1764689376215 20.0 1389
1764689384247 20.0 1399
1764689392629 20.0 1406
1764689395082 21.0 1409
1764689403061 21.0 1419
1764689411026 21.0 1429
1764689419073 21.0 1439
1764689427041 21.0 1449
1764689435033 21.0 1459
1764689443067 21.0 1469
1764689449012 21.0 1473
1764689454059 22.0 1479
1764689462109 22.0 1489
1764689470074 22.0 1499
1764689478268 22.0 1509
1764689486429 22.0 1519
1764689494577 22.0 1529
1764689502639 22.0 1539
1764689506207 22.0 1540
1764689513548 23.0 1549
1764689521798 23.0 1559
1764689530095 23.0 1569
1764689538246 23.0 1579
1764689546365 23.0 1589
1764689554592 23.0 1599
1764689564267 23.0 1607
1764689565969 24.0 1609
1764689573952 24.0 1619
1764689581974 24.0 1629
1764689590336 24.0 1639
1764689598354 24.0 1649
1764689606375 24.0 1659
1764689614367 24.0 1669
1764689621076 24.0 1674
1764689625392 25.0 1679
1764689633537 25.0 1689
1764689641662 25.0 1699
1764689649703 25.0 1709
1764689657741 25.0 1719
1764689665774 25.0 1729
1764689674086 25.0 1739
1764689678505 25.0 1741
1764689684994 26.0 1749
1764689693220 26.0 1759
1764689701369 26.0 1769
1764689709696 26.0 1779
1764689717974 26.0 1789
1764689726007 26.0 1799
1764689736174 26.0 1808
1764689737226 27.0 1809
1764689745224 27.0 1819
1764689753186 27.0 1829
1764689761199 27.0 1839
1764689769187 27.0 1849
1764689777204 27.0 1859
1764689785264 27.0 1869
1764689792811 27.0 1875
1764689796069 28.0 1879
1764689804096 28.0 1889
1764689812160 28.0 1899
1764689820567 28.0 1909
1764689829354 28.0 1919
1764689837520 28.0 1929
1764689845862 28.0 1939
1764689851011 28.0 1942
1764689856691 29.0 1949
1764689864650 29.0 1959
1764689872598 29.0 1969
1764689880652 29.0 1979
1764689888895 29.0 1989
1764689896918 29.0 1999
1764689904348 29.0 2009
1764689907707 29.0 2009
1764689915756 30.0 2019
1764689923762 30.0 2029
1764689931828 30.0 2039
1764689939832 30.0 2049
1764689947841 30.0 2059
1764689955816 30.0 2069
1764689964105 30.0 2076
1764689966561 31.0 2079
1764689974515 31.0 2089
1764689982456 31.0 2099
1764689990439 31.0 2109
1764689998414 31.0 2119
1764690006426 31.0 2129
1764690014404 31.0 2139
1764690020309 31.0 2143
1764690025398 32.0 2149
1764690033375 32.0 2159
1764690041422 32.0 2169
1764690049416 32.0 2179
1764690057439 32.0 2189
1764690065433 32.0 2199
1764690073385 32.0 2209
1764690076860 32.0 2210
1764690084080 33.0 2219
1764690092039 33.0 2229
1764690099992 33.0 2239
1764690107940 33.0 2249
1764690115920 33.0 2259
1764690123899 33.0 2269
1764690132954 33.0 2277
1764690134604 34.0 2279
1764690142580 34.0 2289
1764690150547 34.0 2299
1764690158553 34.0 2309
1764690166520 34.0 2319
1764690174508 34.0 2329
1764690182469 34.0 2339
1764690189148 34.0 2344
1764690193193 35.0 2349
1764690201188 35.0 2359
1764690209191 35.0 2369
1764690217210 35.0 2379
1764690225195 35.0 2389
1764690233195 35.0 2399
1764690241222 35.0 2409
1764690245512 35.0 2411
