1764688212974 1.4502707719802856 9
1764688221046 0.5414814352989197 19
1764688229025 0.38999390602111816 29
1764688237025 0.7860448956489563 39
1764688245014 0.30463916063308716 49
1764688253010 0.2691672742366791 59
1764688265241 0.19183720648288727 69
1764688273227 0.2738571763038635 79
1764688281228 0.4442638158798218 89
1764688289189 0.20357626676559448 99
1764688297152 0.13749627768993378 109
1764688305108 0.27462929487228394 119
1764688313122 0.1136062890291214 129
1764688323839 0.18655923008918762 139
1764688331792 0.15027520060539246 149
1764688339767 0.21407733857631683 159
1764688347735 0.12605679035186768 169
1764688355710 0.11574266850948334 179
1764688363651 0.11143475770950317 189
1764688371621 0.1080361157655716 199
1764688382312 0.09810981899499893 209
1764688390290 0.10006612539291382 219
1764688398268 0.08058512955904007 229
1764688406258 0.08307569473981857 239
1764688414223 0.07998712360858917 249
1764688422193 0.09714221954345703 259
1764688432966 0.09160666167736053 269
1764688440939 0.06261138617992401 279
1764688448929 0.09608590602874756 289
1764688456941 0.05860145390033722 299
1764688464964 0.06897814571857452 309
1764688472993 0.10264325141906738 319
1764688480995 0.19988928735256195 329
1764688491947 0.16070501506328583 339
1764688500014 0.09114155918359756 349
1764688508061 0.10536336898803711 359
1764688516088 0.07442960888147354 369
1764688524056 0.07101097702980042 379
1764688532035 0.10415741801261902 389
1764688540061 0.05591814965009689 399
1764688550863 0.0858859270811081 409
1764688558863 0.06522946804761887 419
1764688566856 0.051181450486183167 429
1764688574837 0.04254547506570816 439
1764688582833 0.15117377042770386 449
1764688590817 0.3589615821838379 459
1764688601667 0.097325399518013 469
1764688609686 0.044302910566329956 479
1764688617701 0.036977190524339676 489
1764688625695 0.053149063140153885 499
1764688633697 0.040348708629608154 509
1764688641680 0.06665115803480148 519
1764688649652 0.052960559725761414 529
1764688660442 0.06107225641608238 539
1764688668434 0.3406052887439728 549
1764688676443 0.05142761766910553 559
1764688684433 0.04242365434765816 569
1764688692418 0.04682493954896927 579
1764688700415 0.03831728547811508 589
1764688708421 0.13056635856628418 599
1764688719139 0.032335132360458374 609
1764688727109 0.04636237397789955 619
1764688735097 0.03380834683775902 629
1764688743107 0.031239228323101997 639
1764688751092 0.041840143501758575 649
1764688759062 0.08406893908977509 659
1764688766471 0.03945860266685486 669
1764688777838 0.04405858740210533 679
1764688785877 0.06431221216917038 689
1764688793905 0.08161741495132446 699
1764688801901 0.02838672138750553 709
1764688809896 0.05079835280776024 719
1764688817968 0.03572884947061539 729
1764688828764 0.04549502208828926 739
1764688836777 0.04093703255057335 749
1764688844814 0.03676145523786545 759
1764688852807 0.07149619609117508 769
1764688860793 0.029978027567267418 779
1764688868788 0.029451141133904457 789
1764688876785 0.03653978928923607 799
1764688887521 0.029018817469477654 809
1764688895523 0.025909045711159706 819
1764688903535 0.02974138781428337 829
1764688911551 0.12229927629232407 839
1764688919563 0.034493837505578995 849
1764688927583 0.036919865757226944 859
1764688935574 0.05669637769460678 869
1764688946337 0.03394511342048645 879
1764688954332 0.046170443296432495 889
1764688962328 0.025588329881429672 899
1764688970367 0.029019871726632118 909
1764688978376 0.03132027015089989 919
1764688986383 0.02318687178194523 929
1764688997174 0.04065880924463272 939
1764689005179 0.03646421432495117 949
1764689013180 0.03678986430168152 959
1764689021174 0.03113897144794464 969
1764689029158 0.029368694871664047 979
1764689037148 0.0362013578414917 989
1764689045136 0.07339069992303848 999
1764689055930 0.030463920906186104 1009
1764689063933 0.03571970760822296 1019
1764689071925 0.032222259789705276 1029
1764689079944 0.0511639378964901 1039
1764689087960 0.06477611511945724 1049
1764689095983 0.04065503925085068 1059
1764689104011 0.17583318054676056 1069
1764689114780 0.026710769161581993 1079
1764689122770 0.02601650543510914 1089
1764689130786 0.023711584508419037 1099
1764689138802 0.05597633495926857 1109
1764689146825 0.0234692320227623 1119
1764689154813 0.08532515913248062 1129
1764689165648 0.06360235065221786 1139
1764689173638 0.03507651388645172 1149
1764689181645 0.02764047123491764 1159
1764689189624 0.03416478633880615 1169
1764689197612 0.032892659306526184 1179
1764689205610 0.036046408116817474 1189
1764689213603 0.029074903577566147 1199
1764689224443 0.0726497545838356 1209
1764689232845 0.027097806334495544 1219
1764689241092 0.05253217741847038 1229
1764689249122 0.04413145035505295 1239
1764689257175 0.041155532002449036 1249
1764689265294 0.02854827046394348 1259
1764689273349 0.06983088701963425 1269
1764689284360 0.03210963308811188 1279
1764689292362 0.01795848086476326 1289
1764689300395 0.051747195422649384 1299
1764689308399 0.04197075963020325 1309
1764689316391 0.02586510218679905 1319
1764689324406 0.027064699679613113 1329
1764689332214 0.31713905930519104 1339
1764689343930 0.04763012006878853 1349
1764689352017 0.023350564762949944 1359
1764689360075 0.03049079142510891 1369
1764689368115 0.026580290868878365 1379
1764689376215 0.061258893460035324 1389
1764689384247 0.1133715882897377 1399
1764689395082 0.033812981098890305 1409
1764689403061 0.026474284008145332 1419
1764689411026 0.02611328288912773 1429
1764689419073 0.05554376170039177 1439
1764689427041 0.027165310457348824 1449
1764689435033 0.022853340953588486 1459
1764689443067 0.01832422986626625 1469
1764689454059 0.04800771549344063 1479
1764689462109 0.019512437283992767 1489
1764689470074 0.022203808650374413 1499
1764689478268 0.021127013489603996 1509
1764689486429 0.02984710782766342 1519
1764689494577 0.031075352802872658 1529
1764689502639 0.029752060770988464 1539
1764689513548 0.02850092016160488 1549
1764689521798 0.02714800275862217 1559
1764689530095 0.02759353071451187 1569
1764689538246 0.022492986172437668 1579
1764689546365 0.031311243772506714 1589
1764689554592 0.02658725343644619 1599
1764689565969 0.04437701404094696 1609
1764689573952 0.04402479529380798 1619
1764689581974 0.057614970952272415 1629
1764689590336 0.028073782101273537 1639
1764689598354 0.047810424119234085 1649
1764689606375 0.0770128145813942 1659
1764689614367 0.028571512550115585 1669
1764689625392 0.027644047513604164 1679
1764689633537 0.029335495084524155 1689
1764689641662 0.03891735151410103 1699
1764689649703 0.028102753683924675 1709
1764689657741 0.021392207592725754 1719
1764689665774 0.02351190522313118 1729
1764689674086 0.02745474874973297 1739
1764689684994 0.037330664694309235 1749
1764689693220 0.02005399949848652 1759
1764689701369 0.016477856785058975 1769
1764689709696 0.025809679180383682 1779
1764689717974 0.08557704091072083 1789
1764689726007 0.025308141484856606 1799
1764689737226 0.02258094772696495 1809
1764689745224 0.03314796835184097 1819
1764689753186 0.03538970276713371 1829
1764689761199 0.04426920413970947 1839
1764689769187 0.02589186280965805 1849
1764689777204 0.01706564985215664 1859
1764689785264 0.0355023592710495 1869
1764689796069 0.06084497645497322 1879
1764689804096 0.03489001840353012 1889
1764689812160 0.02571718581020832 1899
1764689820567 0.025414034724235535 1909
1764689829354 0.0610135942697525 1919
1764689837520 0.021471627056598663 1929
1764689845862 0.020216992124915123 1939
1764689856691 0.017677275463938713 1949
1764689864650 0.03176829218864441 1959
1764689872598 0.029780609533190727 1969
1764689880652 0.029302241280674934 1979
1764689888895 0.017600540071725845 1989
1764689896918 0.01961788535118103 1999
1764689904348 0.17661751806735992 2009
1764689915756 0.030419403687119484 2019
1764689923762 0.0347462072968483 2029
1764689931828 0.030632000416517258 2039
1764689939832 0.0281715989112854 2049
1764689947841 0.04155651852488518 2059
1764689955816 0.0315946601331234 2069
1764689966561 0.025634774938225746 2079
1764689974515 0.05219479650259018 2089
1764689982456 0.039605043828487396 2099
1764689990439 0.023102691397070885 2109
1764689998414 0.04066339507699013 2119
1764690006426 0.018634464591741562 2129
1764690014404 0.07716479897499084 2139
1764690025398 0.02521456591784954 2149
1764690033375 0.033628303557634354 2159
1764690041422 0.031164679676294327 2169
1764690049416 0.022231509909033775 2179
1764690057439 0.026284145191311836 2189
1764690065433 0.026322312653064728 2199
1764690073385 0.0290534570813179 2209
1764690084080 0.02279670536518097 2219
1764690092039 0.045158881694078445 2229
1764690099992 0.04723876714706421 2239
1764690107940 0.0903375893831253 2249
1764690115920 0.014754064381122589 2259
1764690123899 0.022020824253559113 2269
1764690134604 0.028164846822619438 2279
1764690142580 0.041603073477745056 2289
1764690150547 0.016891062259674072 2299
1764690158553 0.029871203005313873 2309
1764690166520 0.05643238499760628 2319
1764690174508 0.02788865752518177 2329
1764690182469 0.01640479452908039 2339
1764690193193 0.02653323858976364 2349
1764690201188 0.01876065507531166 2359
1764690209191 0.04859912022948265 2369
1764690217210 0.027110274881124496 2379
1764690225195 0.021783223375678062 2389
1764690233195 0.018920861184597015 2399
1764690241222 0.03192048892378807 2409
