1764044244570 0.0 9
1764044247367 0.0 19
1764044250136 0.0 29
1764044252920 0.0 39
1764044255711 0.0 49
1764044256651 0.0 49
1764044260923 1.0 59
1764044263700 1.0 69
1764044266470 1.0 79
1764044269240 1.0 89
1764044271835 1.0 99
1764045180767 1.0 99
1764045186073 2.0 109
1764045188824 2.0 119
1764045191555 2.0 129
1764045194306 2.0 139
1764045196925 2.0 149
1764045197825 2.0 149
1764045203985 3.0 159
1764045206742 3.0 169
1764045209468 3.0 179
1764045212237 3.0 189
1764045214846 3.0 199
1764045215751 3.0 199
1764045220721 4.0 209
1764045223482 4.0 219
1764045226213 4.0 229
1764045228938 4.0 239
1764045231490 4.0 249
1764045232453 4.0 249
1764045236964 5.0 259
1764045239721 5.0 269
1764045476869 5.0 279
1764045479634 5.0 289
1764045482229 5.0 299
1764045483126 5.0 299
1764045487324 6.0 309
1764045490099 6.0 319
1764045492884 6.0 329
1764045495644 6.0 339
1764045498236 6.0 349
1764045499152 6.0 349
1764045503153 7.0 359
1764045505878 7.0 369
1764045508601 7.0 379
1764045511320 7.0 389
1764045513913 7.0 399
1764045514833 7.0 399
1764045519393 8.0 409
1764045774493 8.0 419
1764045777264 8.0 429
1764045780022 8.0 439
1764045782613 8.0 449
1764045783525 8.0 449
1764045787984 9.0 459
1764045790757 9.0 469
1764045793484 9.0 479
1764045796230 9.0 489
1764045798827 9.0 499
1764045799727 9.0 499
1764045804210 10.0 509
1764045806970 10.0 519
1764045809733 10.0 529
1764045812461 10.0 539
1764045815007 10.0 549
1764045815969 10.0 549
1764045820536 11.0 559
1764046753571 11.0 569
1764046756322 11.0 579
1764046759086 11.0 589
1764046761686 11.0 599
1764046762697 11.0 599
1764046767313 12.0 609
1764046770079 12.0 619
1764046772841 12.0 629
1764046775601 12.0 639
1764046778215 12.0 649
1764046779109 12.0 649
1764046783711 13.0 659
1764046786491 13.0 669
1764046789239 13.0 679
1764046791981 13.0 689
1764046794546 13.0 699
1764046795446 13.0 699
1764046800016 14.0 709
1764046802794 14.0 719
1764046805536 14.0 729
1764046808258 14.0 739
1764046810802 14.0 749
1764046811794 14.0 749
1764046816229 15.0 759
1764046818989 15.0 769
1764046821763 15.0 779
1764046824539 15.0 789
1764046827110 15.0 799
1764046828069 15.0 799
1764046832424 16.0 809
1764046835147 16.0 819
1764046837897 16.0 829
1764046840922 16.0 839
1764046843886 16.0 849
1764046844872 16.0 849
1764046848943 17.0 859
1764047781111 17.0 869
1764047783871 17.0 879
1764047786641 17.0 889
1764047789265 17.0 899
1764047790168 17.0 899
1764047794646 18.0 909
1764047797383 18.0 919
1764047800116 18.0 929
1764047802842 18.0 939
1764047805456 18.0 949
1764047806348 18.0 949
1764047810757 19.0 959
1764047813522 19.0 969
1764047816276 19.0 979
1764047819044 19.0 989
1764047821646 19.0 999
1764047822595 19.0 999
1764047826853 20.0 1009
1764047829603 20.0 1019
1764047832360 20.0 1029
1764047835102 20.0 1039
1764047837645 20.0 1049
1764047838622 20.0 1049
1764048801309 21.0 1059
1764048804089 21.0 1069
1764048806834 21.0 1079
1764048809601 21.0 1089
1764048812160 21.0 1099
1764048813099 21.0 1099
1764048817474 22.0 1109
1764048820240 22.0 1119
1764048822981 22.0 1129
1764048825755 22.0 1139
1764048828306 22.0 1149
1764048829268 22.0 1149
1764048833670 23.0 1159
1764048836418 23.0 1169
1764048839158 23.0 1179
1764048841881 23.0 1189
1764048844469 23.0 1199
1764048845381 23.0 1199
1764048849565 24.0 1209
1764048852346 24.0 1219
1764048855117 24.0 1229
1764048857872 24.0 1239
1764048860443 24.0 1249
1764048861385 24.0 1249
1764048865878 25.0 1259
1764048868641 25.0 1269
1764048871409 25.0 1279
1764048874152 25.0 1289
1764048876695 25.0 1299
1764048877648 25.0 1299
1764048881699 26.0 1309
1764048884419 26.0 1319
1764048887141 26.0 1329
1764048889866 26.0 1339
1764048892599 26.0 1349
1764048893763 26.0 1349
1764048898115 27.0 1359
1764048900873 27.0 1369
1764048904004 27.0 1379
1764048907845 27.0 1389
1764048910698 27.0 1399
1764048911588 27.0 1399
1764048915362 28.0 1409
1764048918434 28.0 1419
1764048923408 28.0 1429
1764048926270 28.0 1439
1764048928868 28.0 1449
1764048929983 28.0 1449
1764048935227 29.0 1459
1764048938442 29.0 1469
1764048941508 29.0 1479
1764048945529 29.0 1489
1764048949028 29.0 1499
1764048950154 29.0 1499
1764048954803 30.0 1509
1764048957684 30.0 1519
1764048963541 30.0 1529
1764048966621 30.0 1539
1764048969624 30.0 1549
1764048971839 30.0 1549
1764048976724 31.0 1559
1764048979956 31.0 1569
1764049983993 31.0 1579
1764049986753 31.0 1589
1764049989336 31.0 1599
1764049990232 31.0 1599
1764049994933 32.0 1609
1764049997706 32.0 1619
1764050000469 32.0 1629
1764050003232 32.0 1639
1764050005802 32.0 1649
1764050006762 32.0 1649
1764050011548 33.0 1659
1764050014295 33.0 1669
1764050017033 33.0 1679
1764050019811 33.0 1689
1764050022435 33.0 1699
1764050023340 33.0 1699
1764050027987 34.0 1709
1764050030760 34.0 1719
1764050033478 34.0 1729
1764050036198 34.0 1739
1764050038779 34.0 1749
1764050039680 34.0 1749
1764050043870 35.0 1759
1764050046654 35.0 1769
1764050049421 35.0 1779
1764050052202 35.0 1789
1764050054756 35.0 1799
1764050055708 35.0 1799
1764050059494 36.0 1809
1764050062269 36.0 1819
1764050065041 36.0 1829
1764050067910 36.0 1839
1764050070744 36.0 1849
1764050071798 36.0 1849
1764050076009 37.0 1859
1764050078730 37.0 1869
1764050081480 37.0 1879
1764050084932 37.0 1889
1764050088578 37.0 1899
1764050089539 37.0 1899
1764050093512 38.0 1909
1764050096293 38.0 1919
1764050099131 38.0 1929
1764050104342 38.0 1939
1764050107167 38.0 1949
1764050108160 38.0 1949
1764050112259 39.0 1959
1764050115490 39.0 1969
1764050120690 39.0 1979
1764050123548 39.0 1989
1764050126420 39.0 1999
1764050128297 39.0 1999
1764050133227 40.0 2009
1764050136247 40.0 2019
1764050140901 40.0 2029
1764050144648 40.0 2039
1764050147498 40.0 2049
1764050148646 40.0 2049
1764050153844 41.0 2059
1764050157578 41.0 2069
1764050160875 41.0 2079
1764051187468 41.0 2089
1764051190084 41.0 2099
1764051190995 41.0 2099
1764051195202 42.0 2109
1764051197977 42.0 2119
1764051200742 42.0 2129
1764051203516 42.0 2139
1764051206107 42.0 2149
1764051207014 42.0 2149
1764051211662 43.0 2159
1764051214453 43.0 2169
1764051217174 43.0 2179
1764051219897 43.0 2189
1764051222486 43.0 2199
1764051223382 43.0 2199
1764051227603 44.0 2209
1764051230329 44.0 2219
1764052150284 44.0 2229
1764052153036 44.0 2239
1764052155654 44.0 2249
1764052156546 44.0 2249
1764052161322 45.0 2259
1764052164063 45.0 2269
1764052166825 45.0 2279
1764052169581 45.0 2289
1764052172165 45.0 2299
1764052173063 45.0 2299
1764052177855 46.0 2309
1764052180624 46.0 2319
1764052183697 46.0 2329
1764052186447 46.0 2339
1764052189034 46.0 2349
1764052189933 46.0 2349
1764052195048 47.0 2359
1764052197800 47.0 2369
1764052200531 47.0 2379
1764052203256 47.0 2389
1764052205835 47.0 2399
1764052206795 47.0 2399
1764052811042 48.0 2409
1764052813792 48.0 2419
1764052816532 48.0 2429
1764052819288 48.0 2439
1764052821840 48.0 2449
1764052822807 48.0 2449
1764052827406 49.0 2459
1764052830137 49.0 2469
1764052832886 49.0 2479
1764052835631 49.0 2489
1764052838179 49.0 2499
1764052839176 49.0 2499
1764052843286 50.0 2509
1764052846019 50.0 2519
1764052848740 50.0 2529
1764052851465 50.0 2539
1764052854010 50.0 2549
1764052854962 50.0 2549
1764053037243 51.0 2559
1764053039965 51.0 2569
1764053042683 51.0 2579
1764053045405 51.0 2589
1764053047943 51.0 2599
1764053048939 51.0 2599
1764053052665 52.0 2609
1764053055385 52.0 2619
1764053058108 52.0 2629
1764053060830 52.0 2639
1764053063369 52.0 2649
1764053064285 52.0 2649
1764053068032 53.0 2659
1764053070804 53.0 2669
1764053073589 53.0 2679
1764053076353 53.0 2689
1764053078963 53.0 2699
1764053079909 53.0 2699
1764054022439 54.0 2709
1764054025172 54.0 2719
1764054027905 54.0 2729
1764054030664 54.0 2739
1764054033269 54.0 2749
1764054034171 54.0 2749
1764054038753 55.0 2759
1764054041492 55.0 2769
1764054044232 55.0 2779
1764054046988 55.0 2789
1764054049561 55.0 2799
1764054050436 55.0 2799
1764054054811 56.0 2809
1764054057587 56.0 2819
1764054060340 56.0 2829
1764054063065 56.0 2839
1764054065674 56.0 2849
1764054066576 56.0 2849
1764054071175 57.0 2859
1764054073922 57.0 2869
1764054076652 57.0 2879
1764054079374 57.0 2889
1764054081955 57.0 2899
1764054082949 57.0 2899
1764054087215 58.0 2909
1764054089969 58.0 2919
1764054092692 58.0 2929
1764054095442 58.0 2939
1764054097994 58.0 2949
1764054098932 58.0 2949
1764054102772 59.0 2959
1764054105554 59.0 2969
1764054108334 59.0 2979
1764054111135 59.0 2989
1764054114043 59.0 2999
1764054115319 59.0 2999
1764054121029 60.0 3009
1764054123768 60.0 3019
1764054126513 60.0 3029
1764054129530 60.0 3039
1764054194182 60.0 3049
1764054195262 60.0 3049
1764054200477 61.0 3059
1764054203198 61.0 3069
1764054205921 61.0 3079
1764054208685 61.0 3089
1764054211249 61.0 3099
1764054212181 61.0 3099
1764054216777 62.0 3109
1764054219539 62.0 3119
1764054222310 62.0 3129
1764054225053 62.0 3139
1764054227597 62.0 3149
1764054228579 62.0 3149
1764054232255 63.0 3159
1764054234976 63.0 3169
1764054237861 63.0 3179
1764054306473 63.0 3189
1764054309234 63.0 3199
1764054310146 63.0 3199
1764054314024 64.0 3209
1764054316746 64.0 3219
1764054319518 64.0 3229
1764054322259 64.0 3239
1764054324808 64.0 3249
1764054325732 64.0 3249
1764054330000 65.0 3259
1764054332749 65.0 3269
1764054335471 65.0 3279
1764054338193 65.0 3289
1764054340781 65.0 3299
1764054341732 65.0 3299
1764054345501 66.0 3309
1764054348283 66.0 3319
1764054351060 66.0 3329
1764054354055 66.0 3339
1764054357046 66.0 3349
1764054358069 66.0 3349
1764054362990 67.0 3359
1764054365715 67.0 3369
1764054368473 67.0 3379
1764054371390 67.0 3389
1764054376246 67.0 3399
1764054377405 67.0 3399
1764054382193 68.0 3409
1764054384919 68.0 3419
1764054387815 68.0 3429
1764054393556 68.0 3439
1764054396436 68.0 3449
1764054397415 68.0 3449
1764054401996 69.0 3459
1764054407464 69.0 3469
1764054410873 69.0 3479
1764054413897 69.0 3489
1764054419385 69.0 3499
1764054420723 69.0 3499
1764054425919 70.0 3509
1764054428831 70.0 3519
1764054435229 70.0 3529
1764054438531 70.0 3539
1764054442241 70.0 3549
1764054444443 70.0 3549
1764054449356 71.0 3559
1764054455285 71.0 3569
1764054459143 71.0 3579
1764054462951 71.0 3589
1764054468140 71.0 3599
1764054469299 71.0 3599
1764054474185 72.0 3609
1764054480852 72.0 3619
1764054484485 72.0 3629
1764054489810 72.0 3639
1764054493728 72.0 3649
1764054494973 72.0 3649
1764054500299 73.0 3659
1764054505680 73.0 3669
1764054509375 73.0 3679
1764054515152 73.0 3689
1764054518503 73.0 3699
1764054519849 73.0 3699
1764054526042 74.0 3709
1764054530130 74.0 3719
1764054534806 74.0 3729
1764054539226 74.0 3739
1764054543315 74.0 3749
1764054544980 74.0 3749
1764054550085 75.0 3759
1764054556652 75.0 3769
1764054560635 75.0 3779
1764054566361 75.0 3789
1764054570179 75.0 3799
1764054571942 75.0 3799
1764054577813 76.0 3809
1764054582537 76.0 3819
1764054586922 76.0 3829
1764054591560 76.0 3839
1764054595845 76.0 3849
1764054597334 76.0 3849
1764054602789 77.0 3859
1764054608240 77.0 3869
1764054612615 77.0 3879
1764054618053 77.0 3889
1764054622106 77.0 3899
1764054623895 77.0 3899
1764054629601 78.0 3909
1764054634293 78.0 3919
1764054638996 78.0 3929
1764054643691 78.0 3939
1764054648087 78.0 3949
1764054649611 78.0 3949
1764054655404 79.0 3959
1764054660537 79.0 3969
1764054665563 79.0 3979
1764054670565 79.0 3989
1764054675107 79.0 3999
1764054676814 79.0 3999
