1764044244570 0.7041260004043579 9
1764044247367 0.6150155663490295 19
1764044250136 0.6494867205619812 29
1764044252920 0.5659847855567932 39
1764044255711 0.5426225662231445 49
1764044260923 0.3306657075881958 59
1764044263700 0.4617112874984741 69
1764044266470 0.33225440979003906 79
1764044269240 0.366629034280777 89
1764044271835 0.263714075088501 99
1764045186073 0.2899855971336365 109
1764045188824 0.23728761076927185 119
1764045191555 0.17434275150299072 129
1764045194306 0.18820935487747192 139
1764045196925 0.3886265158653259 149
1764045203985 0.3407685458660126 159
1764045206742 0.11484172940254211 169
1764045209468 0.12612783908843994 179
1764045212237 0.1058318018913269 189
1764045214846 0.2987836003303528 199
1764045220721 0.11206620186567307 209
1764045223482 0.08004452288150787 219
1764045226213 0.12141008675098419 229
1764045228938 0.119545117020607 239
1764045231490 0.3213973045349121 249
1764045236964 0.08091232180595398 259
1764045239721 0.07878632843494415 269
1764045476869 0.09239618480205536 279
1764045479634 0.07004998624324799 289
1764045482229 0.09940317273139954 299
1764045487324 0.06767377257347107 309
1764045490099 0.05567441135644913 319
1764045492884 0.05842693895101547 329
1764045495644 0.0713377520442009 339
1764045498236 0.2643797993659973 349
1764045503153 0.11494600027799606 359
1764045505878 0.07122507691383362 369
1764045508601 0.11614829301834106 379
1764045511320 0.0674571618437767 389
1764045513913 0.15031269192695618 399
1764045519393 0.06073669344186783 409
1764045774493 0.05904865637421608 419
1764045777264 0.0683799684047699 429
1764045780022 0.08608876168727875 439
1764045782613 0.42247503995895386 449
1764045787984 0.06740039587020874 459
1764045790757 0.0781531035900116 469
1764045793484 0.12691594660282135 479
1764045796230 0.07070109248161316 489
1764045798827 0.1852557361125946 499
1764045804210 0.09936003386974335 509
1764045806970 0.04971298575401306 519
1764045809733 0.05006498098373413 529
1764045812461 0.05465242266654968 539
1764045815007 0.12320230901241302 549
1764045820536 0.050134241580963135 559
1764046753571 0.07111068069934845 569
1764046756322 0.06384719908237457 579
1764046759086 0.04256715252995491 589
1764046761686 0.10451674461364746 599
1764046767313 0.046644072979688644 609
1764046770079 0.04389417916536331 619
1764046772841 0.047526150941848755 629
1764046775601 0.04585808143019676 639
1764046778215 0.2796421945095062 649
1764046783711 0.0658719539642334 659
1764046786491 0.05317028611898422 669
1764046789239 0.03970448672771454 679
1764046791981 0.03742951899766922 689
1764046794546 0.1151462197303772 699
1764046800016 0.03728640079498291 709
1764046802794 0.04898006469011307 719
1764046805536 0.03527218848466873 729
1764046808258 0.03716837614774704 739
1764046810802 0.2784820795059204 749
1764046816229 0.09414112567901611 759
1764046818989 0.047692038118839264 769
1764046821763 0.18400293588638306 779
1764046824539 0.047623008489608765 789
1764046827110 0.19101279973983765 799
1764046832424 0.042220257222652435 809
1764046835147 0.036433491855859756 819
1764046837897 0.0395013801753521 829
1764046840922 0.05085080862045288 839
1764046843886 0.28338128328323364 849
1764046848943 0.05814278498291969 859
1764047781111 0.04225572943687439 869
1764047783871 0.0439273975789547 879
1764047786641 0.059425294399261475 889
1764047789265 0.28692907094955444 899
1764047794646 0.08310747891664505 909
1764047797383 0.04004135727882385 919
1764047800116 0.052019715309143066 929
1764047802842 0.04513822868466377 939
1764047805456 0.19478926062583923 949
1764047810757 0.036828383803367615 959
1764047813522 0.03400898352265358 969
1764047816276 0.05688459426164627 979
1764047819044 0.04505235701799393 989
1764047821646 0.8521108627319336 999
1764047826853 0.039378173649311066 1009
1764047829603 0.033223219215869904 1019
1764047832360 0.039522066712379456 1029
1764047835102 0.03332784026861191 1039
1764047837645 0.6770035028457642 1049
1764048801309 0.036188554018735886 1059
1764048804089 0.05747021362185478 1069
1764048806834 0.04673221334815025 1079
1764048809601 0.02988380566239357 1089
1764048812160 0.9516578316688538 1099
1764048817474 0.034252651035785675 1109
1764048820240 0.03304514288902283 1119
1764048822981 0.033366475254297256 1129
1764048825755 0.030529240146279335 1139
1764048828306 0.5831027030944824 1149
1764048833670 0.03514041751623154 1159
1764048836418 0.02937605232000351 1169
1764048839158 0.041712649166584015 1179
1764048841881 0.02910461649298668 1189
1764048844469 0.16717927157878876 1199
1764048849565 0.05138663575053215 1209
1764048852346 0.05619325488805771 1219
1764048855117 0.042381271719932556 1229
1764048857872 0.039680689573287964 1239
1764048860443 0.1989240050315857 1249
1764048865878 0.03488348424434662 1259
1764048868641 0.03863374516367912 1269
1764048871409 0.033289842307567596 1279
1764048874152 0.03440588712692261 1289
1764048876695 0.049705661833286285 1299
1764048881699 0.03752181679010391 1309
1764048884419 0.03247097507119179 1319
1764048887141 0.06425972282886505 1329
1764048889866 0.04266161471605301 1339
1764048892599 0.15684261918067932 1349
1764048898115 0.032981958240270615 1359
1764048900873 0.027886630967259407 1369
1764048904004 0.03450847789645195 1379
1764048907845 0.029361121356487274 1389
1764048910698 0.11604778468608856 1399
1764048915362 0.02591526508331299 1409
1764048918434 0.030086291953921318 1419
1764048923408 0.03879949077963829 1429
1764048926270 0.028909388929605484 1439
1764048928868 0.1949479877948761 1449
1764048935227 0.05162116885185242 1459
1764048938442 0.030621429905295372 1469
1764048941508 0.04023570939898491 1479
1764048945529 0.030199453234672546 1489
1764048949028 0.11379308998584747 1499
1764048954803 0.03770456463098526 1509
1764048957684 0.028080055490136147 1519
1764048963541 0.07310657203197479 1529
1764048966621 0.027341671288013458 1539
1764048969624 0.09457383304834366 1549
1764048976724 0.027234641835093498 1559
1764048979956 0.030007511377334595 1569
1764049983993 0.026925208047032356 1579
1764049986753 0.04187150299549103 1589
1764049989336 0.06781299412250519 1599
1764049994933 0.02759881131350994 1609
1764049997706 0.028513126075267792 1619
1764050000469 0.035403668880462646 1629
1764050003232 0.025280175730586052 1639
1764050005802 0.12297172844409943 1649
1764050011548 0.033222753554582596 1659
1764050014295 0.044026799499988556 1669
1764050017033 0.0290876142680645 1679
1764050019811 0.02525505982339382 1689
1764050022435 0.17670628428459167 1699
1764050027987 0.03168755769729614 1709
1764050030760 0.02526712976396084 1719
1764050033478 0.025225374847650528 1729
1764050036198 0.030151434242725372 1739
1764050038779 0.13555100560188293 1749
1764050043870 0.025749238207936287 1759
1764050046654 0.03810417652130127 1769
1764050049421 0.03592259809374809 1779
1764050052202 0.05078685283660889 1789
1764050054756 0.1522776484489441 1799
1764050059494 0.03317078948020935 1809
1764050062269 0.032461319118738174 1819
1764050065041 0.03265944495797157 1829
1764050067910 0.026908114552497864 1839
1764050070744 0.09393487870693207 1849
1764050076009 0.02280339226126671 1859
1764050078730 0.02812083438038826 1869
1764050081480 0.02352079004049301 1879
1764050084932 0.0975964367389679 1889
1764050088578 0.11416575312614441 1899
1764050093512 0.023061461746692657 1909
1764050096293 0.028015756979584694 1919
1764050099131 0.023287400603294373 1929
1764050104342 0.03581380099058151 1939
1764050107167 0.1056462749838829 1949
1764050112259 0.03958919644355774 1959
1764050115490 0.02965398319065571 1969
1764050120690 0.02939978800714016 1979
1764050123548 0.040908217430114746 1989
1764050126420 0.04082269221544266 1999
1764050133227 0.030366066843271255 2009
1764050136247 0.024706445634365082 2019
1764050140901 0.03519628942012787 2029
1764050144648 0.021975524723529816 2039
1764050147498 0.0783141553401947 2049
1764050153844 0.03686380758881569 2059
1764050157578 0.029070716351270676 2069
1764050160875 0.028240559622645378 2079
1764051187468 0.04028775915503502 2089
1764051190084 0.08003942668437958 2099
1764051195202 0.022278785705566406 2109
1764051197977 0.02238844707608223 2119
1764051200742 0.039079539477825165 2129
1764051203516 0.02435089461505413 2139
1764051206107 0.11426220834255219 2149
1764051211662 0.027793556451797485 2159
1764051214453 0.028258128091692924 2169
1764051217174 0.02562977373600006 2179
1764051219897 0.022040870040655136 2189
1764051222486 0.14087799191474915 2199
1764051227603 0.037056922912597656 2209
1764051230329 0.02788466028869152 2219
1764052150284 0.025847844779491425 2229
1764052153036 0.023207999765872955 2239
1764052155654 0.0763227790594101 2249
1764052161322 0.09724348783493042 2259
1764052164063 0.022713085636496544 2269
1764052166825 0.025963183492422104 2279
1764052169581 0.023300305008888245 2289
1764052172165 0.08962377905845642 2299
1764052177855 0.025125831365585327 2309
1764052180624 0.0296238511800766 2319
1764052183697 0.03240342438220978 2329
1764052186447 0.0229985099285841 2339
1764052189034 0.04279634356498718 2349
1764052195048 0.022178802639245987 2359
1764052197800 0.034633465111255646 2369
1764052200531 0.02338605560362339 2379
1764052203256 0.024970643222332 2389
1764052205835 0.05377320200204849 2399
1764052811042 0.02335141971707344 2409
1764052813792 0.021009700372815132 2419
1764052816532 0.025977039709687233 2429
1764052819288 0.02916114777326584 2439
1764052821840 0.10326844453811646 2449
1764052827406 0.03908313810825348 2459
1764052830137 0.039480939507484436 2469
1764052832886 0.023209817707538605 2479
1764052835631 0.02352520450949669 2489
1764052838179 0.13165059685707092 2499
1764052843286 0.026790127158164978 2509
1764052846019 0.022616270929574966 2519
1764052848740 0.031601764261722565 2529
1764052851465 0.0257087554782629 2539
1764052854010 0.07584325969219208 2549
1764053037243 0.028983667492866516 2559
1764053039965 0.025095835328102112 2569
1764053042683 0.023462940007448196 2579
1764053045405 0.027803417295217514 2589
1764053047943 0.0314989797770977 2599
1764053052665 0.029007360339164734 2609
1764053055385 0.02225697785615921 2619
1764053058108 0.022552907466888428 2629
1764053060830 0.0207150150090456 2639
1764053063369 0.1146470457315445 2649
1764053068032 0.02138841524720192 2659
1764053070804 0.02345450222492218 2669
1764053073589 0.02131306193768978 2679
1764053076353 0.021556753665208817 2689
1764053078963 0.06481525301933289 2699
1764054022439 0.020847421139478683 2709
1764054025172 0.030400099232792854 2719
1764054027905 0.04890324920415878 2729
1764054030664 0.025172598659992218 2739
1764054033269 0.07254499197006226 2749
1764054038753 0.01899378001689911 2759
1764054041492 0.02969878725707531 2769
1764054044232 0.021833211183547974 2779
1764054046988 0.03541959822177887 2789
1764054049561 0.9301601648330688 2799
1764054054811 0.056523945182561874 2809
1764054057587 0.0684533566236496 2819
1764054060340 0.051067136228084564 2829
1764054063065 0.04611855372786522 2839
1764054065674 0.11823750287294388 2849
1764054071175 0.04677250608801842 2859
1764054073922 0.04109388217329979 2869
1764054076652 0.041826821863651276 2879
1764054079374 0.03352838754653931 2889
1764054081955 1.2398942708969116 2899
1764054087215 0.04238315671682358 2909
1764054089969 0.0548861026763916 2919
1764054092692 0.037635259330272675 2929
1764054095442 0.03785315155982971 2939
1764054097994 0.052769050002098083 2949
1764054102772 0.033610351383686066 2959
1764054105554 0.029857346788048744 2969
1764054108334 0.024740859866142273 2979
1764054111135 0.026948053389787674 2989
1764054114043 0.055554188787937164 2999
1764054121029 0.02698180079460144 3009
1764054123768 0.029509346932172775 3019
1764054126513 0.021784324198961258 3029
1764054129530 0.03704201430082321 3039
1764054194182 0.11136075854301453 3049
1764054200477 0.03798137232661247 3059
1764054203198 0.03229144215583801 3069
1764054205921 0.03002152033150196 3079
1764054208685 0.023921038955450058 3089
1764054211249 1.0128273963928223 3099
1764054216777 0.06107716262340546 3109
1764054219539 0.04613466560840607 3119
1764054222310 0.03328531235456467 3129
1764054225053 0.036365531384944916 3139
1764054227597 0.12878406047821045 3149
1764054232255 0.03559216856956482 3159
1764054234976 0.03646573796868324 3169
1764054237861 0.023712480440735817 3179
1764054306473 0.026278022676706314 3189
1764054309234 0.07653798162937164 3199
1764054314024 0.021186605095863342 3209
1764054316746 0.031217001378536224 3219
1764054319518 0.02649455890059471 3229
1764054322259 0.030755341053009033 3239
1764054324808 0.06315647810697556 3249
1764054330000 0.022604506462812424 3259
1764054332749 0.022167295217514038 3269
1764054335471 0.021885883063077927 3279
1764054338193 0.022538408637046814 3289
1764054340781 0.10003308951854706 3299
1764054345501 0.019275788217782974 3309
1764054348283 0.02049206756055355 3319
1764054351060 0.02303776517510414 3329
1764054354055 0.02087984047830105 3339
1764054357046 0.07794645428657532 3349
1764054362990 0.020813170820474625 3359
1764054365715 0.01948915421962738 3369
1764054368473 0.02568664774298668 3379
1764054371390 0.024022402241826057 3389
1764054376246 0.10627414286136627 3399
1764054382193 0.022138826549053192 3409
1764054384919 0.019635964184999466 3419
1764054387815 0.026618439704179764 3429
1764054393556 0.020821120589971542 3439
1764054396436 0.08658598363399506 3449
1764054401996 0.027566738426685333 3459
1764054407464 0.023203272372484207 3469
1764054410873 0.023434463888406754 3479
1764054413897 0.024327144026756287 3489
1764054419385 0.06785711646080017 3499
1764054425919 0.024777637794613838 3509
1764054428831 0.032383665442466736 3519
1764054435229 0.02277056872844696 3529
1764054438531 0.022017192095518112 3539
1764054442241 0.0994536355137825 3549
1764054449356 0.02401745319366455 3559
1764054455285 0.020961863920092583 3569
1764054459143 0.02074606716632843 3579
1764054462951 0.020005585625767708 3589
1764054468140 0.08790075778961182 3599
1764054474185 0.026141881942749023 3609
1764054480852 0.02075451985001564 3619
1764054484485 0.01957222819328308 3629
1764054489810 0.027666829526424408 3639
1764054493728 0.045170821249485016 3649
1764054500299 0.02054143324494362 3659
1764054505680 0.023919451981782913 3669
1764054509375 0.02342951111495495 3679
1764054515152 0.02083735540509224 3689
1764054518503 0.04247104376554489 3699
1764054526042 0.022183872759342194 3709
1764054530130 0.019583657383918762 3719
1764054534806 0.023351293057203293 3729
1764054539226 0.02205781638622284 3739
1764054543315 0.10203740000724792 3749
1764054550085 0.021491382271051407 3759
1764054556652 0.02016153186559677 3769
1764054560635 0.020454205572605133 3779
1764054566361 0.020000912249088287 3789
1764054570179 0.06145946681499481 3799
1764054577813 0.024982858449220657 3809
1764054582537 0.01965324394404888 3819
1764054586922 0.023349013179540634 3829
1764054591560 0.019881855696439743 3839
1764054595845 0.0799235850572586 3849
1764054602789 0.023479919880628586 3859
1764054608240 0.02822963520884514 3869
1764054612615 0.02138054370880127 3879
1764054618053 0.021685747429728508 3889
1764054622106 0.04244084656238556 3899
1764054629601 0.02043645828962326 3909
1764054634293 0.022388845682144165 3919
1764054638996 0.020522059872746468 3929
1764054643691 0.02887125127017498 3939
1764054648087 0.07875802367925644 3949
1764054655404 0.020625591278076172 3959
1764054660537 0.020492620766162872 3969
1764054665563 0.018453624099493027 3979
1764054670565 0.018778398633003235 3989
1764054675107 0.03339346870779991 3999
