1764001091841 0.0 9
1764001097825 0.0 19
1764001103790 0.0 29
1764001109764 0.0 39
1764001115666 0.0 49
1764001117966 0.0 49
1764001124949 1.0 59
1764001130865 1.0 69
1764001136770 1.0 79
1764001142676 1.0 89
1764001148134 1.0 99
1764001150324 1.0 99
1764001157473 2.0 109
1764001163415 2.0 119
1764001169337 2.0 129
1764001175235 2.0 139
1764001180690 2.0 149
1764001182878 2.0 149
1764001190067 3.0 159
1764001195974 3.0 169
1764001201875 3.0 179
1764001207772 3.0 189
1764001213228 3.0 199
1764001215422 3.0 199
1764001222475 4.0 209
1764001228379 4.0 219
1764001234275 4.0 229
1764001240170 4.0 239
1764001245634 4.0 249
1764001247830 4.0 249
1764001255108 5.0 259
1764001261007 5.0 269
1764001266903 5.0 279
1764001272799 5.0 289
1764001278249 5.0 299
1764001280434 5.0 299
1764001287413 6.0 309
1764001293341 6.0 319
1764001299270 6.0 329
1764001305234 6.0 339
1764001310737 6.0 349
1764001312928 6.0 349
1764001319659 7.0 359
1764001325608 7.0 369
1764001331579 7.0 379
1764001337536 7.0 389
1764001343039 7.0 399
1764001345215 7.0 399
1764001352006 8.0 409
1764001357935 8.0 419
1764001363836 8.0 429
1764001369738 8.0 439
1764001375200 8.0 449
1764001377368 8.0 449
1764001384354 9.0 459
1764001390257 9.0 469
1764001396195 9.0 479
1764001402147 9.0 489
1764001407666 9.0 499
1764001409843 9.0 499
1764001416807 10.0 509
1764001422760 10.0 519
1764001428709 10.0 529
1764001434678 10.0 539
1764001440198 10.0 549
1764001442389 10.0 549
1764001449717 11.0 559
1764001455724 11.0 569
1764001461637 11.0 579
1764001467611 11.0 589
1764001473174 11.0 599
1764001475404 11.0 599
1764001482470 12.0 609
1764001488419 12.0 619
1764001494378 12.0 629
1764001500336 12.0 639
1764001505830 12.0 649
1764001508020 12.0 649
1764001514953 13.0 659
1764001520852 13.0 669
1764001526748 13.0 679
1764001532648 13.0 689
1764001538097 13.0 699
1764001540274 13.0 699
1764001547284 14.0 709
1764001553184 14.0 719
1764001559084 14.0 729
1764001564981 14.0 739
1764001570432 14.0 749
1764001572587 14.0 749
1764001579539 15.0 759
1764001585540 15.0 769
1764001591543 15.0 779
1764001597586 15.0 789
1764001603079 15.0 799
1764001605308 15.0 799
1764001612820 16.0 809
1764002138390 16.0 819
1764002144370 16.0 829
1764002404016 16.0 839
1764002944107 16.0 849
1764002946311 16.0 849
1764002980416 17.0 859
1764003014010 17.0 869
1764003020973 17.0 879
1764003528949 17.0 889
1764003547845 17.0 899
1764003550030 17.0 899
1764003655112 18.0 909
1764004011365 18.0 919
1764004069373 18.0 929
1764004086404 18.0 939
1764004108676 18.0 949
1764004111986 18.0 949
1764004123069 19.0 959
1764004199146 19.0 969
1764005180681 19.0 979
1764006244494 19.0 989
1764007293063 19.0 999
1764008061252 19.0 999
1764008126686 20.0 1009
1764008132962 20.0 1019
1764008875506 20.0 1029
1764009794298 20.0 1039
1764010458703 20.0 1049
1764010461722 20.0 1049
1764010780713 21.0 1059
1764010831719 21.0 1069
1764010861897 21.0 1079
1764010867802 21.0 1089
1764010873254 21.0 1099
1764010875434 21.0 1099
1764010987487 22.0 1109
1764011005609 22.0 1119
1764011011526 22.0 1129
1764011057326 22.0 1139
1764011335335 22.0 1149
1764011337548 22.0 1149
1764013556903 23.0 1159
1764015470225 23.0 1169
1764015484570 23.0 1179
1764015598044 23.0 1189
1764015605175 23.0 1199
1764015642914 23.0 1199
1764015725897 24.0 1209
1764015746500 24.0 1219
1764015752409 24.0 1229
1764016198902 24.0 1239
1764019215194 24.0 1249
1764019469052 24.0 1249
1764019509728 25.0 1259
1764019531446 25.0 1269
1764019553338 25.0 1279
1764019575662 25.0 1289
1764019595630 25.0 1299
1764019605666 25.0 1299
1764019625412 26.0 1309
1764019641565 26.0 1319
1764019652327 26.0 1329
1764019658285 26.0 1339
1764019663782 26.0 1349
1764019665966 26.0 1349
1764019673442 27.0 1359
1764019679431 27.0 1369
1764019685403 27.0 1379
1764019691398 27.0 1389
1764019696910 27.0 1399
1764019699143 27.0 1399
1764019706581 28.0 1409
1764019712571 28.0 1419
1764019718507 28.0 1429
1764019724435 28.0 1439
1764019729999 28.0 1449
1764019732166 28.0 1449
1764019739792 29.0 1459
1764019745860 29.0 1469
1764019751813 29.0 1479
1764019757790 29.0 1489
1764019763357 29.0 1499
1764019765593 29.0 1499
1764019773179 30.0 1509
1764019779203 30.0 1519
1764019785148 30.0 1529
1764019791074 30.0 1539
1764019796537 30.0 1549
1764019798808 30.0 1549
1764019805441 31.0 1559
1764019811392 31.0 1569
1764019817437 31.0 1579
1764019823687 31.0 1589
1764019829340 31.0 1599
1764019831551 31.0 1599
1764019838417 32.0 1609
1764019844376 32.0 1619
1764019850309 32.0 1629
1764019856266 32.0 1639
1764019861762 32.0 1649
1764019863979 32.0 1649
1764019870618 33.0 1659
1764019876539 33.0 1669
1764019882503 33.0 1679
1764019888468 33.0 1689
1764019893979 33.0 1699
1764019896166 33.0 1699
1764019902963 34.0 1709
1764019908958 34.0 1719
1764019914946 34.0 1729
1764019920867 34.0 1739
1764019926334 34.0 1749
1764019928555 34.0 1749
1764019935268 35.0 1759
1764019941235 35.0 1769
1764019947223 35.0 1779
1764019953181 35.0 1789
1764019958716 35.0 1799
1764019960976 35.0 1799
1764019967821 36.0 1809
1764019973757 36.0 1819
1764019979702 36.0 1829
1764019985624 36.0 1839
1764019991116 36.0 1849
1764019993298 36.0 1849
1764020000199 37.0 1859
1764020006114 37.0 1869
1764020012027 37.0 1879
1764020017926 37.0 1889
1764020023396 37.0 1899
1764020025609 37.0 1899
1764020032223 38.0 1909
1764020038127 38.0 1919
1764020044045 38.0 1929
1764020049965 38.0 1939
1764020055422 38.0 1949
1764020057605 38.0 1949
1764020064267 39.0 1959
1764020070217 39.0 1969
1764020076150 39.0 1979
1764020082085 39.0 1989
1764020087571 39.0 1999
1764020089784 39.0 1999
1764020096470 40.0 2009
1764020102413 40.0 2019
1764020108318 40.0 2029
1764020114242 40.0 2039
1764020119730 40.0 2049
1764020121918 40.0 2049
1764020128649 41.0 2059
1764020134574 41.0 2069
1764020140506 41.0 2079
1764020146423 41.0 2089
1764020151915 41.0 2099
1764020154111 41.0 2099
1764020160724 42.0 2109
1764020166647 42.0 2119
1764020172577 42.0 2129
1764020178493 42.0 2139
1764020183992 42.0 2149
1764020186195 42.0 2149
1764020192852 43.0 2159
1764020198782 43.0 2169
1764020204712 43.0 2179
1764020210642 43.0 2189
1764020216156 43.0 2199
1764020218369 43.0 2199
1764020225045 44.0 2209
1764020231080 44.0 2219
1764020237041 44.0 2229
1764020243004 44.0 2239
1764020248511 44.0 2249
1764020250722 44.0 2249
1764020257470 45.0 2259
1764020263404 45.0 2269
1764020269369 45.0 2279
1764020275296 45.0 2289
1764020280816 45.0 2299
1764020283024 45.0 2299
1764020289633 46.0 2309
1764020295562 46.0 2319
1764020301518 46.0 2329
1764020307468 46.0 2339
1764020312982 46.0 2349
1764020315165 46.0 2349
1764020321979 47.0 2359
1764020327913 47.0 2369
1764020333853 47.0 2379
1764020339808 47.0 2389
1764020345317 47.0 2399
1764020347498 47.0 2399
1764020354170 48.0 2409
1764020360120 48.0 2419
1764020366119 48.0 2429
1764020372094 48.0 2439
1764020377633 48.0 2449
1764020379858 48.0 2449
1764020386622 49.0 2459
1764020392575 49.0 2469
1764020398538 49.0 2479
1764020404497 49.0 2489
1764020410008 49.0 2499
1764020412214 49.0 2499
1764020418900 50.0 2509
1764020424916 50.0 2519
1764020430919 50.0 2529
1764020436871 50.0 2539
1764020442393 50.0 2549
1764020444588 50.0 2549
1764020451247 51.0 2559
1764020457214 51.0 2569
1764020463182 51.0 2579
1764020469152 51.0 2589
1764020474693 51.0 2599
1764020476887 51.0 2599
1764020483601 52.0 2609
1764020489569 52.0 2619
1764020495493 52.0 2629
1764020501487 52.0 2639
1764020507011 52.0 2649
1764020509224 52.0 2649
1764020515910 53.0 2659
1764020521867 53.0 2669
1764020527803 53.0 2679
1764020533780 53.0 2689
1764020539300 53.0 2699
1764020541518 53.0 2699
1764020548437 54.0 2709
1764020554570 54.0 2719
1764020560570 54.0 2729
1764020566550 54.0 2739
1764020572101 54.0 2749
1764020574310 54.0 2749
1764020581014 55.0 2759
1764020586987 55.0 2769
1764020592951 55.0 2779
1764020598898 55.0 2789
1764020604431 55.0 2799
1764020606637 55.0 2799
1764020613348 56.0 2809
1764020619328 56.0 2819
1764020625280 56.0 2829
1764020631222 56.0 2839
1764020636722 56.0 2849
1764020638952 56.0 2849
1764020645657 57.0 2859
1764020651662 57.0 2869
1764020657610 57.0 2879
1764020663568 57.0 2889
1764020669100 57.0 2899
1764020671339 57.0 2899
1764020678084 58.0 2909
1764020684074 58.0 2919
1764020690056 58.0 2929
1764020696031 58.0 2939
1764020701583 58.0 2949
1764020703799 58.0 2949
1764020710641 59.0 2959
1764020716627 59.0 2969
1764020722633 59.0 2979
1764020728687 59.0 2989
1764020734235 59.0 2999
1764020736437 59.0 2999
1764020743191 60.0 3009
1764020749169 60.0 3019
1764020755125 60.0 3029
1764020761093 60.0 3039
1764020766610 60.0 3049
1764020768804 60.0 3049
1764020775546 61.0 3059
1764020781504 61.0 3069
1764020787469 61.0 3079
1764020793414 61.0 3089
1764020798917 61.0 3099
1764020801136 61.0 3099
1764020807875 62.0 3109
1764020813859 62.0 3119
1764020819800 62.0 3129
1764020825736 62.0 3139
1764020831247 62.0 3149
1764020833434 62.0 3149
1764020840101 63.0 3159
1764020846060 63.0 3169
1764020852081 63.0 3179
1764020858034 63.0 3189
1764020863602 63.0 3199
1764020865830 63.0 3199
1764020872600 64.0 3209
1764020878609 64.0 3219
1764020884566 64.0 3229
1764020890571 64.0 3239
1764020896128 64.0 3249
1764020898367 64.0 3249
1764020905224 65.0 3259
1764020911193 65.0 3269
1764020917139 65.0 3279
1764020923118 65.0 3289
1764020928719 65.0 3299
1764020930917 65.0 3299
1764020937685 66.0 3309
1764020943669 66.0 3319
1764020949743 66.0 3329
1764020955675 66.0 3339
1764020961201 66.0 3349
1764020963404 66.0 3349
1764020970287 67.0 3359
1764020976270 67.0 3369
1764020982302 67.0 3379
1764020988318 67.0 3389
1764020993856 67.0 3399
1764020996088 67.0 3399
1764021003063 68.0 3409
1764021009077 68.0 3419
1764021015030 68.0 3429
1764021020993 68.0 3439
1764021026523 68.0 3449
1764021028767 68.0 3449
1764021035545 69.0 3459
1764021041521 69.0 3469
1764021047454 69.0 3479
1764021053386 69.0 3489
1764021058882 69.0 3499
1764021061089 69.0 3499
1764021067834 70.0 3509
1764021073834 70.0 3519
1764021079803 70.0 3529
1764021085755 70.0 3539
1764021091247 70.0 3549
1764021093455 70.0 3549
1764021100295 71.0 3559
1764021106258 71.0 3569
1764021112226 71.0 3579
1764021118178 71.0 3589
1764021123705 71.0 3599
1764021125910 71.0 3599
1764021132596 72.0 3609
1764021138543 72.0 3619
1764021144488 72.0 3629
1764021150438 72.0 3639
1764021155943 72.0 3649
1764021158179 72.0 3649
1764021164872 73.0 3659
1764021170858 73.0 3669
1764021176822 73.0 3679
1764021182797 73.0 3689
1764021188318 73.0 3699
1764021190559 73.0 3699
1764021197268 74.0 3709
1764021203251 74.0 3719
1764021209217 74.0 3729
1764021215194 74.0 3739
1764021220746 74.0 3749
1764021222961 74.0 3749
1764021229637 75.0 3759
1764021235606 75.0 3769
1764021241586 75.0 3779
1764021247525 75.0 3789
1764021253053 75.0 3799
1764021255293 75.0 3799
1764021262169 76.0 3809
1764021268151 76.0 3819
1764021274118 76.0 3829
1764021280075 76.0 3839
1764021285629 76.0 3849
1764021287886 76.0 3849
1764021294559 77.0 3859
1764021300531 77.0 3869
1764021306489 77.0 3879
1764021312464 77.0 3889
1764021318049 77.0 3899
1764021320282 77.0 3899
1764021327084 78.0 3909
1764021333242 78.0 3919
1764021339263 78.0 3929
1764021345225 78.0 3939
1764021350781 78.0 3949
1764021353004 78.0 3949
1764021359679 79.0 3959
1764021365619 79.0 3969
1764021371588 79.0 3979
1764021377548 79.0 3989
1764021383095 79.0 3999
1764021385318 79.0 3999
