1764001091841 0.6590557098388672 9
1764001097825 0.646884560585022 19
1764001103790 0.5706869959831238 29
1764001109764 0.5414727926254272 39
1764001115666 0.45955896377563477 49
1764001124949 0.8378378748893738 59
1764001130865 0.47258567810058594 69
1764001136770 0.6050682663917542 79
1764001142676 0.40824437141418457 89
1764001148134 0.7260094881057739 99
1764001157473 0.3710552453994751 109
1764001163415 0.28989580273628235 119
1764001169337 0.4226890206336975 129
1764001175235 0.3326478600502014 139
1764001180690 0.4428766965866089 149
1764001190067 0.5051848292350769 159
1764001195974 0.3079434931278229 169
1764001201875 0.34123489260673523 179
1764001207772 0.3272508978843689 189
1764001213228 0.449882447719574 199
1764001222475 0.35384297370910645 209
1764001228379 0.36121809482574463 219
1764001234275 0.3479323983192444 229
1764001240170 0.29648175835609436 239
1764001245634 0.22829504311084747 249
1764001255108 0.27428680658340454 259
1764001261007 0.24016673862934113 269
1764001266903 0.22218354046344757 279
1764001272799 0.286765992641449 289
1764001278249 0.26642704010009766 299
1764001287413 0.216782346367836 309
1764001293341 0.2451540231704712 319
1764001299270 0.2201819121837616 329
1764001305234 0.21754413843154907 339
1764001310737 0.25911301374435425 349
1764001319659 0.3127260208129883 359
1764001325608 0.21130916476249695 369
1764001331579 0.15984311699867249 379
1764001337536 0.23877587914466858 389
1764001343039 0.23347154259681702 399
1764001352006 0.2912706136703491 409
1764001357935 0.15811121463775635 419
1764001363836 0.16949093341827393 429
1764001369738 0.14340752363204956 439
1764001375200 0.7285161018371582 449
1764001384354 0.1783195436000824 459
1764001390257 0.17896752059459686 469
1764001396195 0.14005893468856812 479
1764001402147 0.15216252207756042 489
1764001407666 0.2803456783294678 499
1764001416807 0.17025542259216309 509
1764001422760 0.12636767327785492 519
1764001428709 0.3042930066585541 529
1764001434678 0.12968717515468597 539
1764001440198 0.22705934941768646 549
1764001449717 0.13291658461093903 559
1764001455724 0.10896982252597809 569
1764001461637 0.10840190947055817 579
1764001467611 0.11059440672397614 589
1764001473174 0.2546200752258301 599
1764001482470 0.12358133494853973 609
1764001488419 0.1822752207517624 619
1764001494378 0.15388010442256927 629
1764001500336 0.17984634637832642 639
1764001505830 0.23702214658260345 649
1764001514953 0.09913597255945206 659
1764001520852 0.1045585572719574 669
1764001526748 0.08488032221794128 679
1764001532648 0.10920019447803497 689
1764001538097 0.3778039813041687 699
1764001547284 0.13151788711547852 709
1764001553184 0.11852387338876724 719
1764001559084 0.1425672173500061 729
1764001564981 0.10841546952724457 739
1764001570432 0.2481137067079544 749
1764001579539 0.09970659762620926 759
1764001585540 0.10507020354270935 769
1764001591543 0.2165747582912445 779
1764001597586 0.09397856891155243 789
1764001603079 0.16250957548618317 799
1764001612820 0.10875125229358673 809
1764002138390 0.0906183272600174 819
1764002144370 0.09739580005407333 829
1764002404016 0.07439208775758743 839
1764002944107 0.1851215809583664 849
1764002980416 0.08802606165409088 859
1764003014010 0.07041724771261215 869
1764003020973 0.07799257338047028 879
1764003528949 0.08886663615703583 889
1764003547845 0.41236090660095215 899
1764003655112 0.14537863433361053 909
1764004011365 0.12217934429645538 919
1764004069373 0.1348678171634674 929
1764004086404 0.14157894253730774 939
1764004108676 0.9125481843948364 949
1764004123069 0.13844430446624756 959
1764004199146 0.1382453441619873 969
1764005180681 0.07963594794273376 979
1764006244494 0.10386233031749725 989
1764007293063 0.336703360080719 999
1764008126686 0.13073182106018066 1009
1764008132962 0.10298540443181992 1019
1764008875506 0.08056322485208511 1029
1764009794298 0.07168181240558624 1039
1764010458703 0.3097149133682251 1049
1764010780713 0.08404840528964996 1059
1764010831719 0.08932529389858246 1069
1764010861897 0.061259906738996506 1079
1764010867802 0.09442337602376938 1089
1764010873254 0.18375135958194733 1099
1764010987487 0.06418526917695999 1109
1764011005609 0.07986980676651001 1119
1764011011526 0.06188925728201866 1129
1764011057326 0.06872279942035675 1139
1764011335335 0.24526387453079224 1149
1764013556903 0.07957956194877625 1159
1764015470225 0.055839747190475464 1169
1764015484570 0.06424029171466827 1179
1764015598044 0.07172645628452301 1189
1764015605175 0.3241332769393921 1199
1764015725897 0.08309593796730042 1209
1764015746500 0.07617931813001633 1219
1764015752409 0.08086054027080536 1229
1764016198902 0.07263996452093124 1239
1764019215194 0.09534035623073578 1249
1764019509728 0.0447901114821434 1259
1764019531446 0.07356380671262741 1269
1764019553338 0.05123899132013321 1279
1764019575662 0.043749384582042694 1289
1764019595630 0.06883267313241959 1299
1764019625412 0.04994496703147888 1309
1764019641565 0.04586081951856613 1319
1764019652327 0.03645972162485123 1329
1764019658285 0.04351074993610382 1339
1764019663782 0.3438906669616699 1349
1764019673442 0.06017554551362991 1359
1764019679431 0.05229552090167999 1369
1764019685403 0.06312699615955353 1379
1764019691398 0.04993998259305954 1389
1764019696910 0.06610330194234848 1399
1764019706581 0.04714464768767357 1409
1764019712571 0.04377121850848198 1419
1764019718507 0.04321607947349548 1429
1764019724435 0.04073106870055199 1439
1764019729999 0.17666497826576233 1449
1764019739792 0.05022585764527321 1459
1764019745860 0.044462285935878754 1469
1764019751813 0.0427989661693573 1479
1764019757790 0.04272937774658203 1489
1764019763357 0.17927183210849762 1499
1764019773179 0.08103965222835541 1509
1764019779203 0.048164572566747665 1519
1764019785148 0.05360066890716553 1529
1764019791074 0.0354466512799263 1539
1764019796537 0.15092787146568298 1549
1764019805441 0.08189254254102707 1559
1764019811392 0.06044032424688339 1569
1764019817437 0.06540991365909576 1579
1764019823687 0.04946482181549072 1589
1764019829340 0.1530924141407013 1599
1764019838417 0.08696447312831879 1609
1764019844376 0.08087753504514694 1619
1764019850309 0.05403399467468262 1629
1764019856266 0.04345988109707832 1639
1764019861762 0.11498009413480759 1649
1764019870618 0.048317499458789825 1659
1764019876539 0.04770155996084213 1669
1764019882503 0.03648734837770462 1679
1764019888468 0.04100963473320007 1689
1764019893979 0.25026988983154297 1699
1764019902963 0.08971786499023438 1709
1764019908958 0.05113792046904564 1719
1764019914946 0.04417026787996292 1729
1764019920867 0.05046398565173149 1739
1764019926334 0.13959768414497375 1749
1764019935268 0.037635888904333115 1759
1764019941235 0.04655822366476059 1769
1764019947223 0.03665923327207565 1779
1764019953181 0.042170390486717224 1789
1764019958716 0.1727454960346222 1799
1764019967821 0.03994173929095268 1809
1764019973757 0.043614838272333145 1819
1764019979702 0.03485238552093506 1829
1764019985624 0.04000119864940643 1839
1764019991116 0.14971789717674255 1849
1764020000199 0.045238662511110306 1859
1764020006114 0.0324101559817791 1869
1764020012027 0.08125723898410797 1879
1764020017926 0.04730018973350525 1889
1764020023396 0.18660718202590942 1899
1764020032223 0.06107570603489876 1909
1764020038127 0.04839962720870972 1919
1764020044045 0.040963608771562576 1929
1764020049965 0.04966036230325699 1939
1764020055422 0.05027781426906586 1949
1764020064267 0.031945060938596725 1959
1764020070217 0.04060961678624153 1969
1764020076150 0.03275969997048378 1979
1764020082085 0.03207559883594513 1989
1764020087571 0.07683832943439484 1999
1764020096470 0.03659788519144058 2009
1764020102413 0.04040442407131195 2019
1764020108318 0.034927334636449814 2029
1764020114242 0.02781074121594429 2039
1764020119730 0.03224273771047592 2049
1764020128649 0.031528372317552567 2059
1764020134574 0.03188891336321831 2069
1764020140506 0.02872954122722149 2079
1764020146423 0.0346074253320694 2089
1764020151915 0.08995187282562256 2099
1764020160724 0.037614606320858 2109
1764020166647 0.033488113433122635 2119
1764020172577 0.027223989367485046 2129
1764020178493 0.03188299760222435 2139
1764020183992 0.08486951887607574 2149
1764020192852 0.03243452310562134 2159
1764020198782 0.035313595086336136 2169
1764020204712 0.03300531953573227 2179
1764020210642 0.03658033162355423 2189
1764020216156 0.05955159664154053 2199
1764020225045 0.02533557265996933 2209
1764020231080 0.03479376062750816 2219
1764020237041 0.028162328526377678 2229
1764020243004 0.03056025505065918 2239
1764020248511 0.12299105525016785 2249
1764020257470 0.06291547417640686 2259
1764020263404 0.0413670614361763 2269
1764020269369 0.04529622197151184 2279
1764020275296 0.03542031720280647 2289
1764020280816 0.09041003882884979 2299
1764020289633 0.03331539034843445 2309
1764020295562 0.03919629380106926 2319
1764020301518 0.03325425833463669 2329
1764020307468 0.03397923707962036 2339
1764020312982 0.0590071864426136 2349
1764020321979 0.025555457919836044 2359
1764020327913 0.02908012829720974 2369
1764020333853 0.03346455842256546 2379
1764020339808 0.02560722827911377 2389
1764020345317 0.045264922082424164 2399
1764020354170 0.03207512944936752 2409
1764020360120 0.023416291922330856 2419
1764020366119 0.02447359636425972 2429
1764020372094 0.02252461388707161 2439
1764020377633 0.06812046468257904 2449
1764020386622 0.024679262191057205 2459
1764020392575 0.022560449317097664 2469
1764020398538 0.024842053651809692 2479
1764020404497 0.02352183684706688 2489
1764020410008 0.041808709502220154 2499
1764020418900 0.023064738139510155 2509
1764020424916 0.027276519685983658 2519
1764020430919 0.02137739211320877 2529
1764020436871 0.029212413355708122 2539
1764020442393 0.049802541732788086 2549
1764020451247 0.02172667160630226 2559
1764020457214 0.022096645087003708 2569
1764020463182 0.023830216377973557 2579
1764020469152 0.02113880030810833 2589
1764020474693 0.43195006251335144 2599
1764020483601 0.040290139615535736 2609
1764020489569 0.034602973610162735 2619
1764020495493 0.03865662217140198 2629
1764020501487 0.030060570687055588 2639
1764020507011 0.07786636054515839 2649
1764020515910 0.033047839999198914 2659
1764020521867 0.03989582508802414 2669
1764020527803 0.03457998111844063 2679
1764020533780 0.039575353264808655 2689
1764020539300 0.05541084334254265 2699
1764020548437 0.029059801250696182 2709
1764020554570 0.02655918523669243 2719
1764020560570 0.02756544202566147 2729
1764020566550 0.024940885603427887 2739
1764020572101 0.07926057279109955 2749
1764020581014 0.03271670639514923 2759
1764020586987 0.03353991359472275 2769
1764020592951 0.02400347962975502 2779
1764020598898 0.021576782688498497 2789
1764020604431 0.4751548171043396 2799
1764020613348 0.05969615653157234 2809
1764020619328 0.0326189324259758 2819
1764020625280 0.03437510132789612 2829
1764020631222 0.03127843141555786 2839
1764020636722 0.09338729083538055 2849
1764020645657 0.03392219915986061 2859
1764020651662 0.0339457206428051 2869
1764020657610 0.027936987578868866 2879
1764020663568 0.02625114470720291 2889
1764020669100 0.03620683401823044 2899
1764020678084 0.030019670724868774 2909
1764020684074 0.025184880942106247 2919
1764020690056 0.028704391792416573 2929
1764020696031 0.025842009112238884 2939
1764020701583 0.1150560975074768 2949
1764020710641 0.05163341015577316 2959
1764020716627 0.04287129268050194 2969
1764020722633 0.03225550800561905 2979
1764020728687 0.03669247776269913 2989
1764020734235 0.0621614083647728 2999
1764020743191 0.03256721422076225 3009
1764020749169 0.035047464072704315 3019
1764020755125 0.02735111303627491 3029
1764020761093 0.030729446560144424 3039
1764020766610 0.03239196538925171 3049
1764020775546 0.03963465988636017 3059
1764020781504 0.024769261479377747 3069
1764020787469 0.025509063154459 3079
1764020793414 0.026194719597697258 3089
1764020798917 0.03629646822810173 3099
1764020807875 0.02567948028445244 3109
1764020813859 0.02670706808567047 3119
1764020819800 0.03047076053917408 3129
1764020825736 0.024515613913536072 3139
1764020831247 0.4571552872657776 3149
1764020840101 0.0472501739859581 3159
1764020846060 0.029906317591667175 3169
1764020852081 0.030408380553126335 3179
1764020858034 0.03837059065699577 3189
1764020863602 0.04634864255785942 3199
1764020872600 0.030152253806591034 3209
1764020878609 0.04405917227268219 3219
1764020884566 0.05482276529073715 3229
1764020890571 0.03137821704149246 3239
1764020896128 0.036309219896793365 3249
1764020905224 0.025411788374185562 3259
1764020911193 0.021281952038407326 3269
1764020917139 0.02785675972700119 3279
1764020923118 0.028199780732393265 3289
1764020928719 0.059534791857004166 3299
1764020937685 0.023801404982805252 3309
1764020943669 0.021032508462667465 3319
1764020949743 0.021391965448856354 3329
1764020955675 0.022487856447696686 3339
1764020961201 0.04618612676858902 3349
1764020970287 0.025900663807988167 3359
1764020976270 0.0249207504093647 3369
1764020982302 0.022619232535362244 3379
1764020988318 0.0209793820977211 3389
1764020993856 0.029495969414711 3399
1764021003063 0.027136728167533875 3409
1764021009077 0.02685181237757206 3419
1764021015030 0.027656234800815582 3429
1764021020993 0.020116202533245087 3439
1764021026523 0.05061614513397217 3449
1764021035545 0.025727130472660065 3459
1764021041521 0.021510755643248558 3469
1764021047454 0.020652294158935547 3479
1764021053386 0.0218972060829401 3489
1764021058882 0.043609242886304855 3499
1764021067834 0.022243596613407135 3509
1764021073834 0.021118415519595146 3519
1764021079803 0.017668142914772034 3529
1764021085755 0.021110035479068756 3539
1764021091247 0.03285464271903038 3549
1764021100295 0.020585346966981888 3559
1764021106258 0.020757442340254784 3569
1764021112226 0.028002304956316948 3579
1764021118178 0.020345184952020645 3589
1764021123705 0.03448174148797989 3599
1764021132596 0.01957005448639393 3609
1764021138543 0.020352929830551147 3619
1764021144488 0.024171732366085052 3629
1764021150438 0.02308669313788414 3639
1764021155943 0.0968354269862175 3649
1764021164872 0.06948539614677429 3659
1764021170858 0.07893338054418564 3669
1764021176822 0.04506966471672058 3679
1764021182797 0.04131106287240982 3689
1764021188318 0.05579916387796402 3699
1764021197268 0.03281727433204651 3709
1764021203251 0.028214426711201668 3719
1764021209217 0.02736712247133255 3729
1764021215194 0.02573181875050068 3739
1764021220746 0.571692168712616 3749
1764021229637 0.06038444861769676 3759
1764021235606 0.06146819144487381 3769
1764021241586 0.03744937479496002 3779
1764021247525 0.04251449927687645 3789
1764021253053 0.06420472264289856 3799
1764021262169 0.03148805722594261 3809
1764021268151 0.02927761897444725 3819
1764021274118 0.025474965572357178 3829
1764021280075 0.031232615932822227 3839
1764021285629 0.08052713423967361 3849
1764021294559 0.03111129067838192 3859
1764021300531 0.024322841316461563 3869
1764021306489 0.025917284190654755 3879
1764021312464 0.02674415335059166 3889
1764021318049 0.054823629558086395 3899
1764021327084 0.021340835839509964 3909
1764021333242 0.026630451902747154 3919
1764021339263 0.025713372975587845 3929
1764021345225 0.028942279517650604 3939
1764021350781 0.029359815642237663 3949
1764021359679 0.022681258618831635 3959
1764021365619 0.020060162991285324 3969
1764021371588 0.02278195135295391 3979
1764021377548 0.022663768380880356 3989
1764021383095 0.0882001742720604 3999
