1764331056866 0.0 9
1764331059717 0.0 19
1764331062528 0.0 29
1764331065349 0.0 39
1764331067776 0.0 43
1764331071808 1.0 49
1764331074654 1.0 59
1764331077488 1.0 69
1764331080376 1.0 79
1764331083376 1.0 87
1764331085141 2.0 89
1764331087990 2.0 99
1764331090897 2.0 109
1764331093794 2.0 119
1764331096714 2.0 129
1764331098202 2.0 131
1764331101538 3.0 139
1764331104424 3.0 149
1764331107299 3.0 159
1764331110142 3.0 169
1764331112506 3.0 175
1764331114844 4.0 179
1764331117678 4.0 189
1764331120503 4.0 199
1764331123312 4.0 209
1764331126083 4.0 219
1764331126879 4.0 219
1764331130774 5.0 229
1764331133607 5.0 239
1764331136441 5.0 249
1764331139278 5.0 259
1764331141092 5.0 263
1764331143849 6.0 269
1764331146690 6.0 279
1764331149522 6.0 289
1764331152318 6.0 299
1764331155303 6.0 307
1764331156689 7.0 309
1764331159534 7.0 319
1764331162328 7.0 329
1764331165181 7.0 339
1764331168024 7.0 349
1764331169285 7.0 351
1764331172410 8.0 359
1764331175238 8.0 369
1764331178080 8.0 379
1764331180939 8.0 389
1764331183306 8.0 395
1764331185130 9.0 399
1764331187976 9.0 409
1764331190812 9.0 419
1764331193611 9.0 429
1764331196400 9.0 439
1764331197217 9.0 439
1764331200882 10.0 449
1764331203709 10.0 459
1764331206536 10.0 469
1764331209426 10.0 479
1764331211227 10.0 483
1764331213716 11.0 489
1764331216581 11.0 499
1764331219437 11.0 509
1764331222269 11.0 519
1764331225213 11.0 527
1764331226732 12.0 529
1764331229566 12.0 539
1764331232372 12.0 549
1764331235198 12.0 559
1764331238040 12.0 569
1764331239343 12.0 571
1764331242539 13.0 579
1764331245352 13.0 589
1764331248176 13.0 599
1764331251012 13.0 609
1764331253452 13.0 615
1764331255413 14.0 619
1764331258261 14.0 629
1764331261086 14.0 639
1764331263908 14.0 649
1764331266682 14.0 659
1764331267461 14.0 659
1764331271075 15.0 669
1764331273882 15.0 679
1764331276704 15.0 689
1764331279545 15.0 699
1764331281363 15.0 703
1764331284000 16.0 709
1764331286836 16.0 719
1764331289669 16.0 729
1764331292470 16.0 739
1764331295498 16.0 747
1764331296812 17.0 749
1764331299649 17.0 759
1764331302451 17.0 769
1764331305277 17.0 779
1764331308123 17.0 789
1764331309394 17.0 791
1764331312566 18.0 799
1764331315377 18.0 809
1764331318217 18.0 819
1764331321036 18.0 829
1764331323455 18.0 835
1764331325644 19.0 839
1764331328501 19.0 849
1764331331311 19.0 859
1764331334119 19.0 869
1764331336953 19.0 879
1764331337747 19.0 879
1764331341428 20.0 889
1764331344229 20.0 899
1764331347131 20.0 909
1764331350033 20.0 919
1764331351844 20.0 923
1764331354804 21.0 929
1764331357606 21.0 939
1764331360460 21.0 949
1764331363313 21.0 959
1764331366374 21.0 967
1764331367688 22.0 969
1764331370524 22.0 979
1764331373354 22.0 989
1764331376194 22.0 999
1764331379019 22.0 1009
1764331380302 22.0 1011
1764331383358 23.0 1019
1764331386213 23.0 1029
1764331389067 23.0 1039
1764331391912 23.0 1049
1764331394304 23.0 1055
1764331396337 24.0 1059
1764331399178 24.0 1069
1764331402033 24.0 1079
1764331404884 24.0 1089
1764331407631 24.0 1099
1764331408518 24.0 1099
1764331412429 25.0 1109
1764331415307 25.0 1119
1764331418148 25.0 1129
1764331421017 25.0 1139
1764331422850 25.0 1143
1764331425991 26.0 1149
1764331428836 26.0 1159
1764331431706 26.0 1169
1764331434594 26.0 1179
1764331437594 26.0 1187
1764331439230 27.0 1189
1764331442084 27.0 1199
1764331444986 27.0 1209
1764331447849 27.0 1219
1764331450693 27.0 1229
1764331451959 27.0 1231
1764331455128 28.0 1239
1764331457959 28.0 1249
1764331460835 28.0 1259
1764331463682 28.0 1269
1764331466111 28.0 1275
1764331468224 29.0 1279
1764331471048 29.0 1289
1764331473902 29.0 1299
1764331476762 29.0 1309
1764331479569 29.0 1319
1764331480383 29.0 1319
1764331484016 30.0 1329
1764331486844 30.0 1339
1764331489671 30.0 1349
1764331492527 30.0 1359
1764331494386 30.0 1363
1764331496993 31.0 1369
1764331499827 31.0 1379
1764331502664 31.0 1389
1764331505557 31.0 1399
1764331508566 31.0 1407
1764331510078 32.0 1409
1764331512910 32.0 1419
1764331515764 32.0 1429
1764331518611 32.0 1439
1764331521445 32.0 1449
1764331522735 32.0 1451
1764331525939 33.0 1459
1764331528785 33.0 1469
1764331531625 33.0 1479
1764331534459 33.0 1489
1764331536913 33.0 1495
1764331538965 34.0 1499
1764331541794 34.0 1509
1764331544626 34.0 1519
1764331547472 34.0 1529
1764331550221 34.0 1539
1764331551032 34.0 1539
1764331554791 35.0 1549
1764331557626 35.0 1559
1764331560458 35.0 1569
1764331563292 35.0 1579
1764331565166 35.0 1583
1764331567829 36.0 1589
1764331570663 36.0 1599
1764331573501 36.0 1609
1764331576339 36.0 1619
1764331579310 36.0 1627
1764331580729 37.0 1629
1764331583598 37.0 1639
1764331586506 37.0 1649
1764331589358 37.0 1659
1764331592204 37.0 1669
1764331593475 37.0 1671
1764331596732 38.0 1679
1764331599577 38.0 1689
1764331602434 38.0 1699
1764331605285 38.0 1709
1764331607698 38.0 1715
1764331609768 39.0 1719
1764331612618 39.0 1729
1764331615487 39.0 1739
1764331618344 39.0 1749
1764331621123 39.0 1759
1764331621918 39.0 1759
