1764331056866 0.5906208157539368 9
1764331059717 0.48486873507499695 19
1764331062528 0.3486703038215637 29
1764331065349 0.34584084153175354 39
1764331071808 0.23779627680778503 49
1764331074654 0.28907614946365356 59
1764331077488 0.23162075877189636 69
1764331080376 0.160982146859169 79
1764331085141 0.1548124998807907 89
1764331087990 0.18832774460315704 99
1764331090897 0.1502406895160675 109
1764331093794 0.10674788057804108 119
1764331096714 0.10882565379142761 129
1764331101538 0.09997626394033432 139
1764331104424 0.10378148406744003 149
1764331107299 0.10017819702625275 159
1764331110142 0.09026232361793518 169
1764331114844 0.07783564180135727 179
1764331117678 0.0660356730222702 189
1764331120503 0.07210934907197952 199
1764331123312 0.061946336179971695 209
1764331126083 0.07959611713886261 219
1764331130774 0.125216543674469 229
1764331133607 0.07421159744262695 239
1764331136441 0.07311607152223587 249
1764331139278 0.09166551381349564 259
1764331143849 0.05148442089557648 269
1764331146690 0.05092468857765198 279
1764331149522 0.06261690706014633 289
1764331152318 0.05160503089427948 299
1764331156689 0.05400647595524788 309
1764331159534 0.09483703225851059 319
1764331162328 0.05073203891515732 329
1764331165181 0.04060865938663483 339
1764331168024 0.05681457743048668 349
1764331172410 0.05934935063123703 359
1764331175238 0.05205293744802475 369
1764331178080 0.05370241403579712 379
1764331180939 0.045764386653900146 389
1764331185130 0.04517737403512001 399
1764331187976 0.05951859802007675 409
1764331190812 0.04672795161604881 419
1764331193611 0.04037195071578026 429
1764331196400 0.0427994579076767 439
1764331200882 0.04573454335331917 449
1764331203709 0.03870094567537308 459
1764331206536 0.03912787139415741 469
1764331209426 0.051620133221149445 479
1764331213716 0.04825526103377342 489
1764331216581 0.035136450082063675 499
1764331219437 0.05315025523304939 509
1764331222269 0.04456062242388725 519
1764331226732 0.045212697237730026 529
1764331229566 0.038100823760032654 539
1764331232372 0.03992549702525139 549
1764331235198 0.0362086221575737 559
1764331238040 0.03802725672721863 569
1764331242539 0.03404039889574051 579
1764331245352 0.033510006964206696 589
1764331248176 0.04322664812207222 599
1764331251012 0.03678767383098602 609
1764331255413 0.03364797681570053 619
1764331258261 0.05172694846987724 629
1764331261086 0.038129352033138275 639
1764331263908 0.03698086738586426 649
1764331266682 0.03465526923537254 659
1764331271075 0.040702298283576965 669
1764331273882 0.04187289625406265 679
1764331276704 0.03674963116645813 689
1764331279545 0.04162978008389473 699
1764331284000 0.03751610219478607 709
1764331286836 0.057265445590019226 719
1764331289669 0.03053280897438526 729
1764331292470 0.031100407242774963 739
1764331296812 0.041830893605947495 749
1764331299649 0.04014633595943451 759
1764331302451 0.02930750697851181 769
1764331305277 0.029408443719148636 779
1764331308123 0.035899799317121506 789
1764331312566 0.0319870188832283 799
1764331315377 0.045231640338897705 809
1764331318217 0.050243817269802094 819
1764331321036 0.040354322642087936 829
1764331325644 0.03601963818073273 839
1764331328501 0.03061951883137226 849
1764331331311 0.03185800462961197 859
1764331334119 0.02870788797736168 869
1764331336953 0.07544504106044769 879
1764331341428 0.030373821035027504 889
1764331344229 0.028525976464152336 899
1764331347131 0.0363127626478672 909
1764331350033 0.05267411097884178 919
1764331354804 0.030825067311525345 929
1764331357606 0.030583571642637253 939
1764331360460 0.030848760157823563 949
1764331363313 0.031994517892599106 959
1764331367688 0.039467230439186096 969
1764331370524 0.04086391255259514 979
1764331373354 0.028239823877811432 989
1764331376194 0.027875108644366264 999
1764331379019 0.05153220519423485 1009
1764331383358 0.032821666449308395 1019
1764331386213 0.02901289239525795 1029
1764331389067 0.026946257799863815 1039
1764331391912 0.02987401746213436 1049
1764331396337 0.03299197182059288 1059
1764331399178 0.039373405277729034 1069
1764331402033 0.0396636426448822 1079
1764331404884 0.029850225895643234 1089
1764331407631 0.029527397826313972 1099
1764331412429 0.03198714181780815 1109
1764331415307 0.03358286991715431 1119
1764331418148 0.029228320345282555 1129
1764331421017 0.027592094615101814 1139
1764331425991 0.02891116589307785 1149
1764331428836 0.042703792452812195 1159
1764331431706 0.030049597844481468 1169
1764331434594 0.036298055201768875 1179
1764331439230 0.032522764056921005 1189
1764331442084 0.031040994450449944 1199
1764331444986 0.03334091976284981 1209
1764331447849 0.03847011923789978 1219
1764331450693 0.03836686164140701 1229
1764331455128 0.028238385915756226 1239
1764331457959 0.044486548751592636 1249
1764331460835 0.0282001756131649 1259
1764331463682 0.03437091410160065 1269
1764331468224 0.030070822685956955 1279
1764331471048 0.027811354026198387 1289
1764331473902 0.03372584283351898 1299
1764331476762 0.031649038195610046 1309
1764331479569 0.030062608420848846 1319
1764331484016 0.031364694237709045 1329
1764331486844 0.02948993444442749 1339
1764331489671 0.05612481012940407 1349
1764331492527 0.02771560475230217 1359
1764331496993 0.02886653132736683 1369
1764331499827 0.027208205312490463 1379
1764331502664 0.06078650802373886 1389
1764331505557 0.02800734154880047 1399
1764331510078 0.03198694437742233 1409
1764331512910 0.0543120801448822 1419
1764331515764 0.03048049286007881 1429
1764331518611 0.026767894625663757 1439
1764331521445 0.026071714237332344 1449
1764331525939 0.026440955698490143 1459
1764331528785 0.04607727751135826 1469
1764331531625 0.029848111793398857 1479
1764331534459 0.03613392263650894 1489
1764331538965 0.026699842885136604 1499
1764331541794 0.0259664598852396 1509
1764331544626 0.027183732017874718 1519
1764331547472 0.03591445833444595 1529
1764331550221 0.09759977459907532 1539
1764331554791 0.05735040083527565 1549
1764331557626 0.028116459026932716 1559
1764331560458 0.030577201396226883 1569
1764331563292 0.08325563371181488 1579
1764331567829 0.02970491349697113 1589
1764331570663 0.028512703254818916 1599
1764331573501 0.028784070163965225 1609
1764331576339 0.052048277109861374 1619
1764331580729 0.030866753309965134 1629
1764331583598 0.0339147225022316 1639
1764331586506 0.027578115463256836 1649
1764331589358 0.03801395744085312 1659
1764331592204 0.03967553749680519 1669
1764331596732 0.029103517532348633 1679
1764331599577 0.026970459148287773 1689
1764331602434 0.0321199931204319 1699
1764331605285 0.030776284635066986 1709
1764331609768 0.03447401523590088 1719
1764331612618 0.026696307584643364 1729
1764331615487 0.026625145226716995 1739
1764331618344 0.02920641005039215 1749
1764331621123 0.03331522271037102 1759
