1764680674220 0.0 9
1764680678916 0.0 19
1764680683564 0.0 29
1764680688214 0.0 39
1764680692867 0.0 49
1764680697739 0.0 59
1764680704842 0.0 66
1764680706335 1.0 69
1764680711032 1.0 79
1764680715893 1.0 89
1764680720555 1.0 99
1764680725206 1.0 109
1764680729878 1.0 119
1764680734568 1.0 129
1764680738645 1.0 133
1764680741744 2.0 139
1764680746404 2.0 149
1764680751031 2.0 159
1764680755686 2.0 169
1764680760361 2.0 179
1764680765003 2.0 189
1764680769635 2.0 199
1764680771453 2.0 200
1764680775682 3.0 209
1764680780362 3.0 219
1764680784983 3.0 229
1764680789632 3.0 239
1764680794262 3.0 249
1764680798918 3.0 259
1764680803935 3.0 267
1764680804918 4.0 269
1764680809570 4.0 279
1764680814194 4.0 289
1764680818824 4.0 299
1764680823469 4.0 309
1764680828109 4.0 319
1764680832752 4.0 329
1764680836527 4.0 334
1764680838927 5.0 339
1764680843563 5.0 349
1764680848192 5.0 359
1764680852844 5.0 369
1764680857479 5.0 379
1764680862133 5.0 389
1764680866763 5.0 399
1764680869084 5.0 401
1764680872831 6.0 409
1764680877464 6.0 419
1764680882097 6.0 429
1764680886724 6.0 439
1764680891342 6.0 449
1764680895976 6.0 459
1764680901497 6.0 468
1764680902006 7.0 469
1764680906635 7.0 479
1764680911640 7.0 489
1764680916334 7.0 499
1764680920960 7.0 509
1764680925592 7.0 519
1764680930251 7.0 529
1764680934314 7.0 535
1764680936198 8.0 539
1764680940865 8.0 549
1764680945507 8.0 559
1764680950160 8.0 569
1764680954799 8.0 579
1764680959423 8.0 589
1764680964052 8.0 599
1764680966782 8.0 602
1764680970056 9.0 609
1764680974685 9.0 619
1764680979320 9.0 629
1764680983987 9.0 639
1764680988628 9.0 649
1764680993246 9.0 659
1764680997571 9.0 669
1764680999323 9.0 669
1764681004026 10.0 679
1764681008703 10.0 689
1764681013386 10.0 699
1764681018018 10.0 709
1764681022658 10.0 719
1764681027293 10.0 729
1764681031884 10.0 736
1764681033294 11.0 739
1764681037921 11.0 749
1764681042558 11.0 759
1764681047195 11.0 769
1764681051863 11.0 779
1764681056498 11.0 789
1764681061194 11.0 799
1764681064387 11.0 803
1764681067200 12.0 809
1764681071851 12.0 819
1764681076478 12.0 829
1764681081103 12.0 839
1764681085738 12.0 849
1764681090378 12.0 859
1764681095061 12.0 869
1764681096852 12.0 870
1764681101049 13.0 879
1764681105684 13.0 889
1764681110345 13.0 899
1764681114993 13.0 909
1764681119758 13.0 919
1764681124378 13.0 929
1764681129355 13.0 937
1764681130306 14.0 939
1764681134936 14.0 949
1764681139572 14.0 959
1764681144178 14.0 969
1764681148807 14.0 979
1764681153426 14.0 989
1764681158032 14.0 999
1764681161630 14.0 1004
1764681163957 15.0 1009
1764681168568 15.0 1019
1764681173230 15.0 1029
1764681177885 15.0 1039
1764681182566 15.0 1049
1764681187186 15.0 1059
1764681191803 15.0 1069
1764681194007 15.0 1071
1764681197723 16.0 1079
1764681202369 16.0 1089
1764681206979 16.0 1099
1764681211636 16.0 1109
1764681216287 16.0 1119
1764681220914 16.0 1129
1764681226366 16.0 1138
1764681226848 17.0 1139
1764681231498 17.0 1149
1764681236115 17.0 1159
1764681240741 17.0 1169
1764681245355 17.0 1179
1764681249969 17.0 1189
1764681254599 17.0 1199
1764681258703 17.0 1205
1764681260627 18.0 1209
1764681265252 18.0 1219
1764681269883 18.0 1229
1764681274572 18.0 1239
1764681279240 18.0 1249
1764681283968 18.0 1259
1764681288693 18.0 1269
1764681291419 18.0 1272
1764681294826 19.0 1279
1764681306095 19.0 1289
1764681313130 19.0 1299
1764681320766 19.0 1309
1764681325501 19.0 1319
1764681330265 19.0 1329
1764681334883 19.0 1339
1764681336678 19.0 1339
1764681341739 20.0 1349
1764681346450 20.0 1359
1764681351141 20.0 1369
1764681355832 20.0 1379
1764681360501 20.0 1389
1764681365183 20.0 1399
1764681369838 20.0 1406
1764681371293 21.0 1409
1764681375937 21.0 1419
1764681380585 21.0 1429
1764681385252 21.0 1439
1764681389945 21.0 1449
1764681394591 21.0 1459
1764681399226 21.0 1469
1764681402402 21.0 1473
1764681405230 22.0 1479
1764681410090 22.0 1489
1764681414815 22.0 1499
1764681419506 22.0 1509
1764681424234 22.0 1519
1764681428911 22.0 1529
1764681433570 22.0 1539
1764681435385 22.0 1540
1764681439660 23.0 1549
1764681444338 23.0 1559
1764681449711 23.0 1569
1764681454894 23.0 1579
1764681459609 23.0 1589
1764681464472 23.0 1599
1764681469902 23.0 1607
1764681470887 24.0 1609
1764681475536 24.0 1619
1764681480176 24.0 1629
1764681484830 24.0 1639
1764681489443 24.0 1649
1764681494087 24.0 1659
1764681498728 24.0 1669
1764681502388 24.0 1674
1764681504783 25.0 1679
1764681509402 25.0 1689
1764681514014 25.0 1699
1764681518651 25.0 1709
1764681523273 25.0 1719
1764681527897 25.0 1729
1764681532535 25.0 1739
1764681534865 25.0 1741
1764681538602 26.0 1749
1764681543243 26.0 1759
1764681547891 26.0 1769
1764681552524 26.0 1779
1764681557157 26.0 1789
1764681561808 26.0 1799
1764681567257 26.0 1808
1764681567761 27.0 1809
1764681572383 27.0 1819
1764681577033 27.0 1829
1764681581667 27.0 1839
1764681586289 27.0 1849
1764681590927 27.0 1859
1764681595579 27.0 1869
1764681599688 27.0 1875
1764681601569 28.0 1879
1764681606263 28.0 1889
1764681610892 28.0 1899
1764681615536 28.0 1909
1764681620178 28.0 1919
1764681624820 28.0 1929
1764681629454 28.0 1939
1764681632128 28.0 1942
1764681635396 29.0 1949
1764681640034 29.0 1959
1764681644657 29.0 1969
1764681649322 29.0 1979
1764681654182 29.0 1989
1764681658898 29.0 1999
1764681663256 29.0 2009
1764681665083 29.0 2009
1764681669841 30.0 2019
1764681674663 30.0 2029
1764681679591 30.0 2039
1764681684379 30.0 2049
1764681689036 30.0 2059
1764681693665 30.0 2069
1764681698192 30.0 2076
1764681699617 31.0 2079
1764681704247 31.0 2089
1764681708857 31.0 2099
1764681713537 31.0 2109
1764681718164 31.0 2119
1764681722791 31.0 2129
1764681727419 31.0 2139
1764681730662 31.0 2143
1764681733468 32.0 2149
1764681738108 32.0 2159
1764681742744 32.0 2169
1764681747383 32.0 2179
1764681752023 32.0 2189
1764681756682 32.0 2199
1764681761293 32.0 2209
1764681763088 32.0 2210
1764681767284 33.0 2219
1764681771911 33.0 2229
1764681776552 33.0 2239
1764681781458 33.0 2249
1764681786126 33.0 2259
1764681790752 33.0 2269
1764681795809 33.0 2277
1764681796774 34.0 2279
1764681801418 34.0 2289
1764681806048 34.0 2299
1764681810710 34.0 2309
1764681815369 34.0 2319
1764681820008 34.0 2329
1764681824618 34.0 2339
1764681828313 34.0 2344
1764681830653 35.0 2349
1764681835301 35.0 2359
1764681840068 35.0 2369
1764681844826 35.0 2379
1764681849554 35.0 2389
1764681854368 35.0 2399
1764681859031 35.0 2409
1764681861318 35.0 2411
1764681865091 36.0 2419
1764681869767 36.0 2429
1764681874420 36.0 2439
1764681879056 36.0 2449
1764681883692 36.0 2459
1764681888344 36.0 2469
1764681893897 36.0 2478
