1764680674220 0.6630660891532898 9
1764680678916 0.7065326571464539 19
1764680683564 0.49577683210372925 29
1764680688214 0.41803476214408875 39
1764680692867 0.3346542716026306 49
1764680697739 0.5199087858200073 59
1764680706335 0.286157488822937 69
1764680711032 0.30930522084236145 79
1764680715893 0.2545916438102722 89
1764680720555 0.21613961458206177 99
1764680725206 0.23881687223911285 109
1764680729878 0.17311188578605652 119
1764680734568 0.23001228272914886 129
1764680741744 0.1533677726984024 139
1764680746404 0.20539189875125885 149
1764680751031 0.1404035985469818 159
1764680755686 0.17112484574317932 169
1764680760361 0.17741702497005463 179
1764680765003 0.12541668117046356 189
1764680769635 0.15866225957870483 199
1764680775682 0.09020384401082993 209
1764680780362 0.12666547298431396 219
1764680784983 0.19777773320674896 229
1764680789632 0.09743016958236694 239
1764680794262 0.08840334415435791 249
1764680798918 0.09811390191316605 259
1764680804918 0.09832439571619034 269
1764680809570 0.09208423644304276 279
1764680814194 0.08988325297832489 289
1764680818824 0.07755933701992035 299
1764680823469 0.09996958822011948 309
1764680828109 0.10324680805206299 319
1764680832752 0.10359597951173782 329
1764680838927 0.1010284274816513 339
1764680843563 0.07395763695240021 349
1764680848192 0.08002780377864838 359
1764680852844 0.06482362002134323 369
1764680857479 0.06508796662092209 379
1764680862133 0.06100903078913689 389
1764680866763 0.09908173978328705 399
1764680872831 0.0630786344408989 409
1764680877464 0.05990093573927879 419
1764680882097 0.059460174292325974 429
1764680886724 0.05210304260253906 439
1764680891342 0.07527291774749756 449
1764680895976 0.0996442437171936 459
1764680902006 0.20260509848594666 469
1764680906635 0.0696614533662796 479
1764680911640 0.0390997976064682 489
1764680916334 0.061159972101449966 499
1764680920960 0.08250269293785095 509
1764680925592 0.05033917725086212 519
1764680930251 0.06143134832382202 529
1764680936198 0.04003066197037697 539
1764680940865 0.15025939047336578 549
1764680945507 0.03999021649360657 559
1764680950160 0.056085214018821716 569
1764680954799 0.08900125324726105 579
1764680959423 0.04292215406894684 589
1764680964052 0.04830079525709152 599
1764680970056 0.045875515788793564 609
1764680974685 0.052205123007297516 619
1764680979320 0.051079731434583664 629
1764680983987 0.04424010589718819 639
1764680988628 0.028569083660840988 649
1764680993246 0.039863478392362595 659
1764680997571 0.1326262354850769 669
1764681004026 0.03933636099100113 679
1764681008703 0.03997168317437172 689
1764681013386 0.045996326953172684 699
1764681018018 0.031380798667669296 709
1764681022658 0.041412606835365295 719
1764681027293 0.039018452167510986 729
1764681033294 0.0727502629160881 739
1764681037921 0.11105217784643173 749
1764681042558 0.0431203730404377 759
1764681047195 0.08118963986635208 769
1764681051863 0.032422810792922974 779
1764681056498 0.0450897254049778 789
1764681061194 0.03966470807790756 799
1764681067200 0.048122793436050415 809
1764681071851 0.04740488529205322 819
1764681076478 0.03102230653166771 829
1764681081103 0.0594053715467453 839
1764681085738 0.06362593919038773 849
1764681090378 0.04029412567615509 859
1764681095061 0.03404519706964493 869
1764681101049 0.028824061155319214 879
1764681105684 0.030851468443870544 889
1764681110345 0.03575776889920235 899
1764681114993 0.03191607445478439 909
1764681119758 0.032335810363292694 919
1764681124378 0.05433771014213562 929
1764681130306 0.02666783332824707 939
1764681134936 0.04903218150138855 949
1764681139572 0.12980474531650543 959
1764681144178 0.026754409074783325 969
1764681148807 0.030331702902913094 979
1764681153426 0.07117299735546112 989
1764681158032 0.03498878329992294 999
1764681163957 0.0761803463101387 1009
1764681168568 0.06383881717920303 1019
1764681173230 0.052416685968637466 1029
1764681177885 0.07192842662334442 1039
1764681182566 0.031002843752503395 1049
1764681187186 0.08503430336713791 1059
1764681191803 0.12295173853635788 1069
1764681197723 0.12082025408744812 1079
1764681202369 0.04521118476986885 1089
1764681206979 0.04672514647245407 1099
1764681211636 0.06660962104797363 1109
1764681216287 0.029957406222820282 1119
1764681220914 0.05316707119345665 1129
1764681226848 0.10249748826026917 1139
1764681231498 0.0268697589635849 1149
1764681236115 0.03262598067522049 1159
1764681240741 0.029799357056617737 1169
1764681245355 0.111394003033638 1179
1764681249969 0.05972368270158768 1189
1764681254599 0.06022067740559578 1199
1764681260627 0.0464397668838501 1209
1764681265252 0.032273679971694946 1219
1764681269883 0.023671027272939682 1229
1764681274572 0.036604251712560654 1239
1764681279240 0.03264576941728592 1249
1764681283968 0.06418460607528687 1259
1764681288693 0.07217129319906235 1269
1764681294826 0.03495754301548004 1279
1764681306095 0.044137876480817795 1289
1764681313130 0.02451394498348236 1299
1764681320766 0.018293166533112526 1309
1764681325501 0.04268093779683113 1319
1764681330265 0.040050897747278214 1329
1764681334883 0.03356427699327469 1339
1764681341739 0.06703981757164001 1349
1764681346450 0.021939605474472046 1359
1764681351141 0.030873218551278114 1369
1764681355832 0.041299983859062195 1379
1764681360501 0.08718656748533249 1389
1764681365183 0.05855957418680191 1399
1764681371293 0.03437690809369087 1409
1764681375937 0.01951642893254757 1419
1764681380585 0.02469560131430626 1429
1764681385252 0.19913968443870544 1439
1764681389945 0.01977226696908474 1449
1764681394591 0.024967199191451073 1459
1764681399226 0.016696326434612274 1469
1764681405230 0.03684467449784279 1479
1764681410090 0.021749716252088547 1489
1764681414815 0.05904814973473549 1499
1764681419506 0.021800372749567032 1509
1764681424234 0.0367775484919548 1519
1764681428911 0.03104327991604805 1529
1764681433570 0.022667232900857925 1539
1764681439660 0.04874631389975548 1549
1764681444338 0.02249043807387352 1559
1764681449711 0.046060796827077866 1569
1764681454894 0.022740943357348442 1579
1764681459609 0.14053967595100403 1589
1764681464472 0.02926476113498211 1599
1764681470887 0.06127579137682915 1609
1764681475536 0.03211659938097 1619
1764681480176 0.029034869745373726 1629
1764681484830 0.03694883733987808 1639
1764681489443 0.02826034463942051 1649
1764681494087 0.037942420691251755 1659
1764681498728 0.029940446838736534 1669
1764681504783 0.041035134345293045 1679
1764681509402 0.03178253397345543 1689
1764681514014 0.018252883106470108 1699
1764681518651 0.028638362884521484 1709
1764681523273 0.054159022867679596 1719
1764681527897 0.03554065525531769 1729
1764681532535 0.031191030517220497 1739
1764681538602 0.04737439006567001 1749
1764681543243 0.020905854180455208 1759
1764681547891 0.026511209085583687 1769
1764681552524 0.031165573745965958 1779
1764681557157 0.03845980763435364 1789
1764681561808 0.04116060957312584 1799
1764681567761 0.026195457205176353 1809
1764681572383 0.024547873064875603 1819
1764681577033 0.03058719076216221 1829
1764681581667 0.020732760429382324 1839
1764681586289 0.08012108504772186 1849
1764681590927 0.01913560926914215 1859
1764681595579 0.01640208438038826 1869
1764681601569 0.02887210063636303 1879
1764681606263 0.039940111339092255 1889
1764681610892 0.022792566567659378 1899
1764681615536 0.05917251482605934 1909
1764681620178 0.017128027975559235 1919
1764681624820 0.03194057196378708 1929
1764681629454 0.04171886295080185 1939
1764681635396 0.03451287001371384 1949
1764681640034 0.027363214641809464 1959
1764681644657 0.0198813583701849 1969
1764681649322 0.0711023136973381 1979
1764681654182 0.049052413552999496 1989
1764681658898 0.0329725556075573 1999
1764681663256 0.13068820536136627 2009
1764681669841 0.07360156625509262 2019
1764681674663 0.026997366920113564 2029
1764681679591 0.030958142131567 2039
1764681684379 0.05219823122024536 2049
1764681689036 0.049759428948163986 2059
1764681693665 0.057791486382484436 2069
1764681699617 0.03995345160365105 2079
1764681704247 0.027609989047050476 2089
1764681708857 0.04620354622602463 2099
1764681713537 0.0378791019320488 2109
1764681718164 0.024869432672858238 2119
1764681722791 0.029181040823459625 2129
1764681727419 0.037101346999406815 2139
1764681733468 0.028337448835372925 2149
1764681738108 0.02202763594686985 2159
1764681742744 0.029064981266856194 2169
1764681747383 0.03521476686000824 2179
1764681752023 0.031440261751413345 2189
1764681756682 0.03621198609471321 2199
1764681761293 0.02531534619629383 2209
1764681767284 0.025405801832675934 2219
1764681771911 0.025581512600183487 2229
1764681776552 0.02649913728237152 2239
1764681781458 0.027476774528622627 2249
1764681786126 0.040291592478752136 2259
1764681790752 0.017772190272808075 2269
1764681796774 0.04097011685371399 2279
1764681801418 0.02581094577908516 2289
1764681806048 0.020997419953346252 2299
1764681810710 0.06022428348660469 2309
1764681815369 0.051523976027965546 2319
1764681820008 0.020960574969649315 2329
1764681824618 0.05464618653059006 2339
1764681830653 0.03352735564112663 2349
1764681835301 0.06227472797036171 2359
1764681840068 0.04391895979642868 2369
1764681844826 0.052694905549287796 2379
1764681849554 0.05738864839076996 2389
1764681854368 0.022687966004014015 2399
1764681859031 0.039509862661361694 2409
1764681865091 0.03637251630425453 2419
1764681869767 0.06622427701950073 2429
1764681874420 0.03515782207250595 2439
1764681879056 0.027706941589713097 2449
1764681883692 0.014252057299017906 2459
1764681888344 0.023522481322288513 2469
