1764245839929 0.0 9
1764245842802 0.0 19
1764245845651 0.0 29
1764245848459 0.0 39
1764245854348 0.0 48
1764245854673 1.0 49
1764245857520 1.0 59
1764245860336 1.0 69
1764245863197 1.0 79
1764245866014 1.0 89
1764245869038 1.0 97
1764245869634 2.0 99
1764245872471 2.0 109
1764245875420 2.0 119
1764245878267 2.0 129
1764245881102 2.0 139
1764245883830 2.0 146
1764245884675 3.0 149
1764245887564 3.0 159
1764245890644 3.0 169
1764245893487 3.0 179
1764245896374 3.0 189
1764245898859 3.0 195
1764245900027 4.0 199
1764245902866 4.0 209
1764245905721 4.0 219
1764245908688 4.0 229
1764245911530 4.0 239
1764245913707 4.0 244
1764245915140 5.0 249
1764245917991 5.0 259
1764245920867 5.0 269
1764245923695 5.0 279
1764245926537 5.0 289
1764245928421 5.0 293
1764245930117 6.0 299
1764245932933 6.0 309
1764245935764 6.0 319
1764245938568 6.0 329
1764245941421 6.0 339
1764245943026 6.0 342
1764245945050 7.0 349
1764245947938 7.0 359
1764245950816 7.0 369
1764245953712 7.0 379
1764245956541 7.0 389
1764245957896 7.0 391
1764245960164 8.0 399
1764245963014 8.0 409
1764245965872 8.0 419
1764245968751 8.0 429
1764245971572 8.0 439
1764245972677 8.0 440
1764245975464 9.0 449
1764245978309 9.0 459
1764245981182 9.0 469
1764245984053 9.0 479
1764245986816 9.0 489
1764245987696 9.0 489
1764245990488 10.0 499
1764245993253 10.0 509
1764245996033 10.0 519
1764245998795 10.0 529
1764246002005 10.0 538
1764246002309 11.0 539
1764246005044 11.0 549
1764246007807 11.0 559
1764246010564 11.0 569
1764246013306 11.0 579
1764246016259 11.0 587
1764246016835 12.0 589
1764246019575 12.0 599
1764246022351 12.0 609
1764246025128 12.0 619
1764246027890 12.0 629
1764246030623 12.0 636
1764246031498 13.0 639
1764246034314 13.0 649
1764246037142 13.0 659
1764246040000 13.0 669
1764246042864 13.0 679
1764246045273 13.0 685
1764246046412 14.0 689
1764246049309 14.0 699
1764246052175 14.0 709
1764246055056 14.0 719
1764246057941 14.0 729
1764246060105 14.0 734
1764246061540 15.0 739
1764246064361 15.0 749
1764246067255 15.0 759
1764246070141 15.0 769
1764246072989 15.0 779
1764246074900 15.0 783
1764246076612 16.0 789
1764246079471 16.0 799
1764246082243 16.0 809
1764246084976 16.0 819
1764246087726 16.0 829
1764246089276 16.0 832
1764246091205 17.0 839
1764246093941 17.0 849
1764246096691 17.0 859
1764246099436 17.0 869
1764246102175 17.0 879
1764246103448 17.0 881
1764246105648 18.0 889
1764246108375 18.0 899
1764246111104 18.0 909
1764246113835 18.0 919
1764246116587 18.0 929
1764246117581 18.0 930
1764246120046 19.0 939
1764246122775 19.0 949
1764246125498 19.0 959
1764246128246 19.0 969
1764246130885 19.0 979
1764246131782 19.0 979
1764246134570 20.0 989
1764246137345 20.0 999
1764246140126 20.0 1009
1764246142878 20.0 1019
1764246146112 20.0 1028
1764246146404 21.0 1029
1764246149173 21.0 1039
1764246151925 21.0 1049
1764246154694 21.0 1059
1764246157456 21.0 1069
1764246160379 21.0 1077
1764246160938 22.0 1079
1764246163687 22.0 1089
1764246166433 22.0 1099
1764246169177 22.0 1109
1764246171924 22.0 1119
1764246174573 22.0 1126
1764246175406 23.0 1129
1764246178152 23.0 1139
1764246180885 23.0 1149
1764246183631 23.0 1159
1764246186363 23.0 1169
1764246188771 23.0 1175
1764246189879 24.0 1179
1764246192628 24.0 1189
1764246195367 24.0 1199
1764246198100 24.0 1209
1764246200852 24.0 1219
1764246202957 24.0 1224
1764246204347 25.0 1229
1764246207086 25.0 1239
1764246209846 25.0 1249
1764246212608 25.0 1259
1764246215357 25.0 1269
1764246217180 25.0 1273
1764246218849 26.0 1279
1764246221589 26.0 1289
1764246224319 26.0 1299
1764246227067 26.0 1309
1764246229801 26.0 1319
1764246231346 26.0 1322
1764246233263 27.0 1329
1764246236002 27.0 1339
1764246238750 27.0 1349
1764246241489 27.0 1359
1764246244237 27.0 1369
1764246245500 27.0 1371
1764246247699 28.0 1379
1764246250459 28.0 1389
1764246253197 28.0 1399
1764246255952 28.0 1409
1764246258703 28.0 1419
1764246259721 28.0 1420
1764246262205 29.0 1429
1764246264942 29.0 1439
1764246267674 29.0 1449
1764246270412 29.0 1459
1764246273043 29.0 1469
1764246273896 29.0 1469
1764246276653 30.0 1479
1764246279401 30.0 1489
1764246282152 30.0 1499
1764246284891 30.0 1509
1764246288081 30.0 1518
1764246288374 31.0 1519
1764246291123 31.0 1529
1764246293865 31.0 1539
1764246296630 31.0 1549
1764246299388 31.0 1559
1764246302319 31.0 1567
1764246302884 32.0 1569
1764246305630 32.0 1579
1764246308386 32.0 1589
1764246311158 32.0 1599
1764246313917 32.0 1609
1764246316579 32.0 1616
1764246317438 33.0 1619
1764246320183 33.0 1629
1764246322924 33.0 1639
1764246325666 33.0 1649
1764246328479 33.0 1659
1764246330857 33.0 1665
1764246331977 34.0 1669
1764246334731 34.0 1679
1764246337468 34.0 1689
1764246340220 34.0 1699
1764246342966 34.0 1709
1764246345080 34.0 1714
1764246346464 35.0 1719
1764246349206 35.0 1729
1764246351944 35.0 1739
1764246354674 35.0 1749
1764246357421 35.0 1759
1764246359238 35.0 1763
1764246360886 36.0 1769
1764246363658 36.0 1779
1764246366410 36.0 1789
1764246369153 36.0 1799
1764246371909 36.0 1809
1764246373477 36.0 1812
1764246375411 37.0 1819
1764246378147 37.0 1829
1764246380894 37.0 1839
1764246383643 37.0 1849
1764246386388 37.0 1859
1764246387725 37.0 1861
1764246389943 38.0 1869
1764246392689 38.0 1879
1764246395433 38.0 1889
1764246398170 38.0 1899
1764246400921 38.0 1909
1764246401927 38.0 1910
1764246404418 39.0 1919
1764246407165 39.0 1929
1764246409909 39.0 1939
1764246412649 39.0 1949
1764246415275 39.0 1959
1764246416139 39.0 1959
1764246418902 40.0 1969
1764246421669 40.0 1979
1764246424415 40.0 1989
1764246427148 40.0 1999
1764246430366 40.0 2008
1764246430671 41.0 2009
1764246433408 41.0 2019
1764246436140 41.0 2029
1764246438879 41.0 2039
1764246441605 41.0 2049
1764246444535 41.0 2057
1764246445102 42.0 2059
1764246447846 42.0 2069
1764246450582 42.0 2079
1764246453330 42.0 2089
1764246456094 42.0 2099
1764246458732 42.0 2106
1764246459566 43.0 2109
1764246462338 43.0 2119
1764246465067 43.0 2129
1764246467842 43.0 2139
1764246470590 43.0 2149
1764246473029 43.0 2155
1764246474203 44.0 2159
1764246476951 44.0 2169
1764246479710 44.0 2179
1764246482454 44.0 2189
1764246485209 44.0 2199
1764246487327 44.0 2204
1764246488724 45.0 2209
1764246491553 45.0 2219
1764246494336 45.0 2229
1764246497097 45.0 2239
1764246499872 45.0 2249
1764246501694 45.0 2253
1764246503363 46.0 2259
1764246506097 46.0 2269
1764246508839 46.0 2279
1764246511585 46.0 2289
1764246514345 46.0 2299
1764246515969 46.0 2302
1764246518022 47.0 2309
1764246520793 47.0 2319
1764246523578 47.0 2329
1764246526332 47.0 2339
1764246529073 47.0 2349
1764246530360 47.0 2351
1764246532560 48.0 2359
1764246535317 48.0 2369
1764246538071 48.0 2379
1764246540823 48.0 2389
1764246543632 48.0 2399
1764246544685 48.0 2400
1764246547207 49.0 2409
1764246549966 49.0 2419
1764246552775 49.0 2429
1764246555511 49.0 2439
1764246558166 49.0 2449
1764246559050 49.0 2449
1764246561964 50.0 2459
1764246564714 50.0 2469
1764246567483 50.0 2479
1764246570251 50.0 2489
1764246573463 50.0 2498
1764246573771 51.0 2499
1764246576533 51.0 2509
1764246579284 51.0 2519
1764246582095 51.0 2529
1764246584874 51.0 2539
1764246587850 51.0 2547
1764246588422 52.0 2549
1764246591198 52.0 2559
1764246593987 52.0 2569
1764246596765 52.0 2579
1764246599541 52.0 2589
1764246602221 52.0 2596
1764246603064 53.0 2599
1764246605866 53.0 2609
1764246608644 53.0 2619
1764246611423 53.0 2629
1764246614211 53.0 2639
1764246616620 53.0 2645
1764246617745 54.0 2649
1764246620522 54.0 2659
1764246623302 54.0 2669
1764246626074 54.0 2679
1764246628848 54.0 2689
1764246630998 54.0 2694
1764246632409 55.0 2699
1764246635224 55.0 2709
1764246638074 55.0 2719
1764246640873 55.0 2729
1764246643771 55.0 2739
1764246645711 55.0 2743
1764246647426 56.0 2749
1764246650466 56.0 2759
1764246653264 56.0 2769
1764246656073 56.0 2779
1764246658860 56.0 2789
1764246660430 56.0 2792
1764246662393 57.0 2799
1764246665172 57.0 2809
1764246667947 57.0 2819
1764246670728 57.0 2829
1764246673515 57.0 2839
1764246674820 57.0 2841
1764246677067 58.0 2849
1764246679850 58.0 2859
1764246682708 58.0 2869
1764246685490 58.0 2879
1764246688274 58.0 2889
1764246689307 58.0 2890
1764246691863 59.0 2899
1764246694653 59.0 2909
1764246697510 59.0 2919
1764246700296 59.0 2929
1764246702955 59.0 2939
1764246703855 59.0 2939
1764246706671 60.0 2949
1764246709451 60.0 2959
1764246712268 60.0 2969
1764246715056 60.0 2979
1764246718339 60.0 2988
1764246718647 61.0 2989
1764246721420 61.0 2999
1764246724185 61.0 3009
1764246726974 61.0 3019
1764246729754 61.0 3029
1764246732713 61.0 3037
1764246733278 62.0 3039
1764246736098 62.0 3049
1764246738936 62.0 3059
1764246741730 62.0 3069
1764246744548 62.0 3079
1764246747250 62.0 3086
1764246748083 63.0 3089
1764246750918 63.0 3099
1764246753769 63.0 3109
1764246756539 63.0 3119
1764246759339 63.0 3129
1764246761810 63.0 3135
1764246763076 64.0 3139
1764246765909 64.0 3149
1764246768700 64.0 3159
1764246771499 64.0 3169
1764246774295 64.0 3179
1764246776474 64.0 3184
1764246777925 65.0 3189
1764246780703 65.0 3199
1764246783498 65.0 3209
1764246786263 65.0 3219
1764246789043 65.0 3229
1764246790932 65.0 3233
1764246792616 66.0 3239
1764246795409 66.0 3249
1764246798189 66.0 3259
1764246800961 66.0 3269
1764246803716 66.0 3279
1764246805317 66.0 3282
