1764245839929 0.5454628467559814 9
1764245842802 0.5744582414627075 19
1764245845651 0.5271657705307007 29
1764245848459 0.3947054147720337 39
1764245854673 0.27816492319107056 49
1764245857520 0.21163764595985413 59
1764245860336 0.20100770890712738 69
1764245863197 0.20662474632263184 79
1764245866014 0.15515750646591187 89
1764245869634 0.33274659514427185 99
1764245872471 0.168502539396286 109
1764245875420 0.1135997399687767 119
1764245878267 0.11701838672161102 129
1764245881102 0.130511075258255 139
1764245884675 0.08619312942028046 149
1764245887564 0.09992051124572754 159
1764245890644 0.11725103855133057 169
1764245893487 0.10695226490497589 179
1764245896374 0.07149514555931091 189
1764245900027 0.14975078403949738 199
1764245902866 0.07101036608219147 209
1764245905721 0.0715731829404831 219
1764245908688 0.11037172377109528 229
1764245911530 0.07599933445453644 239
1764245915140 0.07883882522583008 249
1764245917991 0.06545823812484741 259
1764245920867 0.05463934317231178 269
1764245923695 0.057473074644804 279
1764245926537 0.06317289173603058 289
1764245930117 0.05219319462776184 299
1764245932933 0.06132157891988754 309
1764245935764 0.058209940791130066 319
1764245938568 0.048880577087402344 329
1764245941421 0.05781826376914978 339
1764245945050 0.043616361916065216 349
1764245947938 0.03661474958062172 359
1764245950816 0.03987043350934982 369
1764245953712 0.04712104797363281 379
1764245956541 0.038879089057445526 389
1764245960164 0.044762469828128815 399
1764245963014 0.05073622241616249 409
1764245965872 0.037067946046590805 419
1764245968751 0.03734779357910156 429
1764245971572 0.06239255517721176 439
1764245975464 0.043232258409261703 449
1764245978309 0.035185106098651886 459
1764245981182 0.033392149955034256 469
1764245984053 0.036302633583545685 479
1764245986816 0.17999157309532166 489
1764245990488 0.04516319930553436 499
1764245993253 0.05379268899559975 509
1764245996033 0.06954949349164963 519
1764245998795 0.03435841202735901 529
1764246002309 0.05078289657831192 539
1764246005044 0.033622048795223236 549
1764246007807 0.034882981330156326 559
1764246010564 0.03824423998594284 569
1764246013306 0.04131940007209778 579
1764246016835 0.05441892519593239 589
1764246019575 0.036696482449769974 599
1764246022351 0.042514558881521225 609
1764246025128 0.0323803648352623 619
1764246027890 0.036896392703056335 629
1764246031498 0.08363259583711624 639
1764246034314 0.02803940698504448 649
1764246037142 0.04332704469561577 659
1764246040000 0.031579647213220596 669
1764246042864 0.0316842757165432 679
1764246046412 0.03018612414598465 689
1764246049309 0.02784576080739498 699
1764246052175 0.03004828467965126 709
1764246055056 0.027491476386785507 719
1764246057941 0.04007875174283981 729
1764246061540 0.03624887764453888 739
1764246064361 0.07932193577289581 749
1764246067255 0.03811229020357132 759
1764246070141 0.036899592727422714 769
1764246072989 0.04819317162036896 779
1764246076612 0.06029580533504486 789
1764246079471 0.029601283371448517 799
1764246082243 0.03165649622678757 809
1764246084976 0.03272904455661774 819
1764246087726 0.08883753418922424 829
1764246091205 0.030764766037464142 839
1764246093941 0.029582403600215912 849
1764246096691 0.026728423312306404 859
1764246099436 0.02724054455757141 869
1764246102175 0.02571866288781166 879
1764246105648 0.02866481803357601 889
1764246108375 0.027427643537521362 899
1764246111104 0.02714390680193901 909
1764246113835 0.03072730451822281 919
1764246116587 0.024059254676103592 929
1764246120046 0.023651475086808205 939
1764246122775 0.028584472835063934 949
1764246125498 0.038128796964883804 959
1764246128246 0.03251313418149948 969
1764246130885 0.031080305576324463 979
1764246134570 0.04180898889899254 989
1764246137345 0.03283015638589859 999
1764246140126 0.026701495051383972 1009
1764246142878 0.026923902332782745 1019
1764246146404 0.054495055228471756 1029
1764246149173 0.028228703886270523 1039
1764246151925 0.037445761263370514 1049
1764246154694 0.04032411798834801 1059
1764246157456 0.028082406148314476 1069
1764246160938 0.026510251685976982 1079
1764246163687 0.026062682271003723 1089
1764246166433 0.03218662366271019 1099
1764246169177 0.03771819919347763 1109
1764246171924 0.02929096482694149 1119
1764246175406 0.03460722416639328 1129
1764246178152 0.0233622994273901 1139
1764246180885 0.025600498542189598 1149
1764246183631 0.033429309725761414 1159
1764246186363 0.04505007714033127 1169
1764246189879 0.03229936212301254 1179
1764246192628 0.044694796204566956 1189
1764246195367 0.023560073226690292 1199
1764246198100 0.029812166467308998 1209
1764246200852 0.023049918934702873 1219
1764246204347 0.03227074444293976 1229
1764246207086 0.02329193614423275 1239
1764246209846 0.02586210146546364 1249
1764246212608 0.021790960803627968 1259
1764246215357 0.0328226201236248 1269
1764246218849 0.03807595372200012 1279
1764246221589 0.02517235279083252 1289
1764246224319 0.040723465383052826 1299
1764246227067 0.030273016542196274 1309
1764246229801 0.03190699219703674 1319
1764246233263 0.027162516489624977 1329
1764246236002 0.028777163475751877 1339
1764246238750 0.023414134979248047 1349
1764246241489 0.023986272513866425 1359
1764246244237 0.029139921069145203 1369
1764246247699 0.023807715624570847 1379
1764246250459 0.025714514777064323 1389
1764246253197 0.04082665592432022 1399
1764246255952 0.03209429234266281 1409
1764246258703 0.023170098662376404 1419
1764246262205 0.06964156031608582 1429
1764246264942 0.026727423071861267 1439
1764246267674 0.025822389870882034 1449
1764246270412 0.027667559683322906 1459
1764246273043 0.03797408938407898 1469
1764246276653 0.0287230983376503 1479
1764246279401 0.0418032705783844 1489
1764246282152 0.06605854630470276 1499
1764246284891 0.021243546158075333 1509
1764246288374 0.025162220001220703 1519
1764246291123 0.02269938960671425 1529
1764246293865 0.06378033757209778 1539
1764246296630 0.023048317059874535 1549
1764246299388 0.029200442135334015 1559
1764246302884 0.03106355294585228 1569
1764246305630 0.023344239220023155 1579
1764246308386 0.034120917320251465 1589
1764246311158 0.026768626645207405 1599
1764246313917 0.03601296246051788 1609
1764246317438 0.021714305505156517 1619
1764246320183 0.02407444640994072 1629
1764246322924 0.024101555347442627 1639
1764246325666 0.026414232328534126 1649
1764246328479 0.02753458172082901 1659
1764246331977 0.07652612775564194 1669
1764246334731 0.022776808589696884 1679
1764246337468 0.03487987816333771 1689
1764246340220 0.02476412057876587 1699
1764246342966 0.03314614295959473 1709
1764246346464 0.03810928389430046 1719
1764246349206 0.021495159715414047 1729
1764246351944 0.02198857255280018 1739
1764246354674 0.02090599201619625 1749
1764246357421 0.020780589431524277 1759
1764246360886 0.021608710289001465 1769
1764246363658 0.023374594748020172 1779
1764246366410 0.020333021879196167 1789
1764246369153 0.0396995022892952 1799
1764246371909 0.04741576313972473 1809
1764246375411 0.023327628150582314 1819
1764246378147 0.02530669793486595 1829
1764246380894 0.040407754480838776 1839
1764246383643 0.023700308054685593 1849
1764246386388 0.03994971513748169 1859
1764246389943 0.026016147807240486 1869
1764246392689 0.022175557911396027 1879
1764246395433 0.022619478404521942 1889
1764246398170 0.052964724600315094 1899
1764246400921 0.0472363606095314 1909
1764246404418 0.0245407335460186 1919
1764246407165 0.030688678845763206 1929
1764246409909 0.020401956513524055 1939
1764246412649 0.030294351279735565 1949
1764246415275 0.024709578603506088 1959
1764246418902 0.03008120134472847 1969
1764246421669 0.03479032963514328 1979
1764246424415 0.038910698145627975 1989
1764246427148 0.02115544304251671 1999
1764246430671 0.03617442399263382 2009
1764246433408 0.02264488860964775 2019
1764246436140 0.02373262494802475 2029
1764246438879 0.021895388141274452 2039
1764246441605 0.02197125181555748 2049
1764246445102 0.05057593062520027 2059
1764246447846 0.038425642997026443 2069
1764246450582 0.021329417824745178 2079
1764246453330 0.028124181553721428 2089
1764246456094 0.03214924782514572 2099
1764246459566 0.0256904698908329 2109
1764246462338 0.025162868201732635 2119
1764246465067 0.027460232377052307 2129
1764246467842 0.020274054259061813 2139
1764246470590 0.021624837070703506 2149
1764246474203 0.026909083127975464 2159
1764246476951 0.02174209989607334 2169
1764246479710 0.020797714591026306 2179
1764246482454 0.021972058340907097 2189
1764246485209 0.03226098045706749 2199
1764246488724 0.024386964738368988 2209
1764246491553 0.020408224314451218 2219
1764246494336 0.021193277090787888 2229
1764246497097 0.020009927451610565 2239
1764246499872 0.033077437430620193 2249
1764246503363 0.03802104294300079 2259
1764246506097 0.020171422511339188 2269
1764246508839 0.022812794893980026 2279
1764246511585 0.023121371865272522 2289
1764246514345 0.030788742005825043 2299
1764246518022 0.033926889300346375 2309
1764246520793 0.02076447568833828 2319
1764246523578 0.02981789968907833 2329
1764246526332 0.017873244360089302 2339
1764246529073 0.033209919929504395 2349
1764246532560 0.02076828107237816 2359
1764246535317 0.022081535309553146 2369
1764246538071 0.020650090649724007 2379
1764246540823 0.03409969061613083 2389
1764246543632 0.019263986498117447 2399
1764246547207 0.019991083070635796 2409
1764246549966 0.029423333704471588 2419
1764246552775 0.05105561390519142 2429
1764246555511 0.0204602237790823 2439
1764246558166 0.019146330654621124 2449
1764246561964 0.0261811725795269 2459
1764246564714 0.02550181746482849 2469
1764246567483 0.020957306027412415 2479
1764246570251 0.024754077196121216 2489
1764246573771 0.020480940118432045 2499
1764246576533 0.04466880112886429 2509
1764246579284 0.020992591977119446 2519
1764246582095 0.02561202645301819 2529
1764246584874 0.02927466295659542 2539
1764246588422 0.02267434448003769 2549
1764246591198 0.04051310569047928 2559
1764246593987 0.01975114643573761 2569
1764246596765 0.023655112832784653 2579
1764246599541 0.044037021696567535 2589
1764246603064 0.047061242163181305 2599
1764246605866 0.02252380922436714 2609
1764246608644 0.02723710611462593 2619
1764246611423 0.01954314485192299 2629
1764246614211 0.02042539231479168 2639
1764246617745 0.02056810073554516 2649
1764246620522 0.02105303294956684 2659
1764246623302 0.02054509148001671 2669
1764246626074 0.04530786722898483 2679
1764246628848 0.026704177260398865 2689
1764246632409 0.022829866036772728 2699
1764246635224 0.027895167469978333 2709
1764246638074 0.02317322976887226 2719
1764246640873 0.021768715232610703 2729
1764246643771 0.05395379662513733 2739
1764246647426 0.03253202885389328 2749
1764246650466 0.02644677832722664 2759
1764246653264 0.03603137284517288 2769
1764246656073 0.0381859689950943 2779
1764246658860 0.0210438072681427 2789
1764246662393 0.022870004177093506 2799
1764246665172 0.01969626173377037 2809
1764246667947 0.028827490285038948 2819
1764246670728 0.025005439296364784 2829
1764246673515 0.028193272650241852 2839
1764246677067 0.0384981706738472 2849
1764246679850 0.01943057030439377 2859
1764246682708 0.022315818816423416 2869
1764246685490 0.021551724523305893 2879
1764246688274 0.031379666179418564 2889
1764246691863 0.04239454120397568 2899
1764246694653 0.02188008278608322 2909
1764246697510 0.025926945731043816 2919
1764246700296 0.022311534732580185 2929
1764246702955 0.04791770130395889 2939
1764246706671 0.021342333406209946 2949
1764246709451 0.020719800144433975 2959
1764246712268 0.02281591109931469 2969
1764246715056 0.031686075031757355 2979
1764246718647 0.03148680925369263 2989
1764246721420 0.021325629204511642 2999
1764246724185 0.029345273971557617 3009
1764246726974 0.024076931178569794 3019
1764246729754 0.0313427709043026 3029
1764246733278 0.041310690343379974 3039
1764246736098 0.033269383013248444 3049
1764246738936 0.03944786265492439 3059
1764246741730 0.02207772061228752 3069
1764246744548 0.02226538211107254 3079
1764246748083 0.023936331272125244 3089
1764246750918 0.020991526544094086 3099
1764246753769 0.018731500953435898 3109
1764246756539 0.02238372340798378 3119
1764246759339 0.022386709228157997 3129
1764246763076 0.03168576955795288 3139
1764246765909 0.022723078727722168 3149
1764246768700 0.020523924380540848 3159
1764246771499 0.025548160076141357 3169
1764246774295 0.023016221821308136 3179
1764246777925 0.051594991236925125 3189
1764246780703 0.02019699290394783 3199
1764246783498 0.02074902132153511 3209
1764246786263 0.022109098732471466 3219
1764246789043 0.019463567063212395 3229
1764246792616 0.025641899555921555 3239
1764246795409 0.02115829475224018 3249
1764246798189 0.02908262051641941 3259
1764246800961 0.018600929528474808 3269
1764246803716 0.057124800980091095 3279
