1763997443957 0.0 9
1763997447815 0.0 19
1763997451602 0.0 29
1763997455338 0.0 39
1763997459041 0.0 49
1763997460541 0.0 49
1763997464939 1.0 59
1763997468673 1.0 69
1763997472445 1.0 79
1763997476183 1.0 89
1763997479626 1.0 99
1763997481086 1.0 99
1763997485569 2.0 109
1763997489288 2.0 119
1763997493230 2.0 129
1763997496942 2.0 139
1763997500363 2.0 149
1763997501810 2.0 149
1763997505964 3.0 159
1763997509670 3.0 169
1763997513395 3.0 179
1763997517147 3.0 189
1763997520631 3.0 199
1763997522090 3.0 199
1763997526547 4.0 209
1763997530282 4.0 219
1763997534007 4.0 229
1763997537723 4.0 239
1763997541181 4.0 249
1763997542694 4.0 249
1763997546889 5.0 259
1763997550619 5.0 269
1763997554347 5.0 279
1763997558067 5.0 289
1763997561575 5.0 299
1763997562973 5.0 299
1763997567292 6.0 309
1763997571001 6.0 319
1763997574702 6.0 329
1763997578430 6.0 339
1763997581857 6.0 349
1763997583244 6.0 349
1763997587397 7.0 359
1763997591109 7.0 369
1763997594821 7.0 379
1763997598537 7.0 389
1763997601990 7.0 399
1763997603418 7.0 399
1763997607861 8.0 409
1763997611574 8.0 419
1763997615276 8.0 429
1763997618981 8.0 439
1763997622490 8.0 449
1763997623892 8.0 449
1763997628188 9.0 459
1763997631918 9.0 469
1763997635640 9.0 479
1763997639365 9.0 489
1763997642819 9.0 499
1763997644251 9.0 499
1763997648505 10.0 509
1763997652242 10.0 519
1763997656017 10.0 529
1763997659782 10.0 539
1763997663256 10.0 549
1763997664644 10.0 549
1763997668860 11.0 559
1763997672632 11.0 569
1763997676459 11.0 579
1763997680208 11.0 589
1763997683676 11.0 599
1763997685120 11.0 599
1763997689454 12.0 609
1763997693187 12.0 619
1763997696906 12.0 629
1763997700626 12.0 639
1763997704056 12.0 649
1763997705471 12.0 649
1763997709663 13.0 659
1763997713384 13.0 669
1763997717095 13.0 679
1763997720820 13.0 689
1763997724240 13.0 699
1763997725652 13.0 699
1763997729965 14.0 709
1763997733695 14.0 719
1763997737421 14.0 729
1763997741150 14.0 739
1763997744595 14.0 749
1763997746021 14.0 749
1763997750177 15.0 759
1763997753908 15.0 769
1763997757627 15.0 779
1763997761370 15.0 789
1763997764835 15.0 799
1763997766280 15.0 799
1763997770735 16.0 809
1763997774787 16.0 819
1763997778548 16.0 829
1763997782262 16.0 839
1763997785817 16.0 849
1763997787265 16.0 849
1763997791480 17.0 859
1763997795272 17.0 869
1763997798994 17.0 879
1763997802728 17.0 889
1763997806238 17.0 899
1763997807647 17.0 899
1763997811992 18.0 909
1763997815784 18.0 919
1763997819542 18.0 929
1763997823312 18.0 939
1763997826822 18.0 949
1763997828225 18.0 949
1763997832450 19.0 959
1763997836176 19.0 969
1763997839910 19.0 979
1763997843646 19.0 989
1763997847071 19.0 999
1763997848459 19.0 999
1763997852687 20.0 1009
1763997856410 20.0 1019
1763997860139 20.0 1029
1763997863867 20.0 1039
1763997867305 20.0 1049
1763997868702 20.0 1049
1763997872802 21.0 1059
1763997876514 21.0 1069
1763997880234 21.0 1079
1763997883955 21.0 1089
1763997887417 21.0 1099
1763997888829 21.0 1099
1763997893165 22.0 1109
1763997896868 22.0 1119
1763997900572 22.0 1129
1763997904314 22.0 1139
1763997907751 22.0 1149
1763997909130 22.0 1149
1763997913299 23.0 1159
1763997917022 23.0 1169
1763997920760 23.0 1179
1763997924483 23.0 1189
1763997927921 23.0 1199
1763997929302 23.0 1199
1763997933628 24.0 1209
1763997937417 24.0 1219
1763997941193 24.0 1229
1763997944919 24.0 1239
1763997948359 24.0 1249
1763997949837 24.0 1249
1763997953979 25.0 1259
1763997957802 25.0 1269
1763997961549 25.0 1279
1763997965272 25.0 1289
1763997968806 25.0 1299
1763997970215 25.0 1299
1763997974411 26.0 1309
1763997978114 26.0 1319
1763997981814 26.0 1329
1763997985514 26.0 1339
1763997988984 26.0 1349
1763997990430 26.0 1349
1763997994605 27.0 1359
1763997998335 27.0 1369
1763998002349 27.0 1379
1763998006107 27.0 1389
1763998009625 27.0 1399
1763998011057 27.0 1399
1763998015410 28.0 1409
1763998019173 28.0 1419
1763998022899 28.0 1429
1763998026614 28.0 1439
1763998030045 28.0 1449
1763998031454 28.0 1449
1763998035630 29.0 1459
1763998039405 29.0 1469
1763998043305 29.0 1479
1763998047061 29.0 1489
1763998050496 29.0 1499
1763998051912 29.0 1499
1763998056143 30.0 1509
1763998059856 30.0 1519
1763998063559 30.0 1529
1763998067290 30.0 1539
1763998070744 30.0 1549
1763998072148 30.0 1549
1763998076308 31.0 1559
1763998080015 31.0 1569
1763998083717 31.0 1579
1763998087418 31.0 1589
1763998090833 31.0 1599
1763998092234 31.0 1599
1763998096503 32.0 1609
1763998100207 32.0 1619
1763998103910 32.0 1629
1763998107644 32.0 1639
1763998111082 32.0 1649
1763998112499 32.0 1649
1763998116620 33.0 1659
1763998120324 33.0 1669
1763998124026 33.0 1679
1763998127726 33.0 1689
1763998131211 33.0 1699
1763998132624 33.0 1699
1763998136873 34.0 1709
1763998140572 34.0 1719
1763998144275 34.0 1729
1763998147977 34.0 1739
1763998151389 34.0 1749
1763998152767 34.0 1749
1763998156895 35.0 1759
1763998160596 35.0 1769
1763998164296 35.0 1779
1763998167993 35.0 1789
1763998171425 35.0 1799
1763998172813 35.0 1799
1763998177061 36.0 1809
1763998180766 36.0 1819
1763998184472 36.0 1829
1763998188173 36.0 1839
1763998191585 36.0 1849
1763998192991 36.0 1849
1763998197166 37.0 1859
1763998200885 37.0 1869
1763998204590 37.0 1879
1763998208321 37.0 1889
1763998211755 37.0 1899
1763998213178 37.0 1899
1763998217395 38.0 1909
1763998221098 38.0 1919
1763998224798 38.0 1929
1763998228499 38.0 1939
1763998231911 38.0 1949
1763998233298 38.0 1949
1763998237588 39.0 1959
1763998241288 39.0 1969
1763998244989 39.0 1979
1763998248687 39.0 1989
1763998252099 39.0 1999
1763998253475 39.0 1999
1763998257588 40.0 2009
1763998261290 40.0 2019
1763998264991 40.0 2029
1763998268689 40.0 2039
1763998272103 40.0 2049
1763998273479 40.0 2049
1763998277779 41.0 2059
1763998281479 41.0 2069
1763998285179 41.0 2079
1763998288879 41.0 2089
1763998292294 41.0 2099
1763998293670 41.0 2099
1763998297768 42.0 2109
1763998301477 42.0 2119
1763998305178 42.0 2129
1763998308877 42.0 2139
1763998312289 42.0 2149
1763998313701 42.0 2149
1763998318052 43.0 2159
1763998321753 43.0 2169
1763998325454 43.0 2179
1763998329154 43.0 2189
1763998332583 43.0 2199
1763998334024 43.0 2199
1763998338132 44.0 2209
1763998341834 44.0 2219
1763998345535 44.0 2229
1763998349234 44.0 2239
1763998352660 44.0 2249
1763998354092 44.0 2249
1763998358458 45.0 2259
1763998362168 45.0 2269
1763998365900 45.0 2279
1763998369602 45.0 2289
1763998373017 45.0 2299
1763998374444 45.0 2299
1763998378596 46.0 2309
1763998382295 46.0 2319
1763998386003 46.0 2329
1763998389702 46.0 2339
1763998393114 46.0 2349
1763998394499 46.0 2349
1763998398723 47.0 2359
1763998402422 47.0 2369
1763998406153 47.0 2379
1763998409906 47.0 2389
1763998413349 47.0 2399
1763998414791 47.0 2399
1763998418951 48.0 2409
1763998422678 48.0 2419
1763998426405 48.0 2429
1763998430128 48.0 2439
1763998433542 48.0 2449
1763998434936 48.0 2449
1763998439295 49.0 2459
1763998443009 49.0 2469
1763998446710 49.0 2479
1763998450415 49.0 2489
1763998453830 49.0 2499
1763998455260 49.0 2499
1763998459361 50.0 2509
1763998463062 50.0 2519
1763998466762 50.0 2529
1763998470465 50.0 2539
1763998473877 50.0 2549
1763998475258 50.0 2549
1763998479559 51.0 2559
1763998483262 51.0 2569
1763998486967 51.0 2579
1763998490665 51.0 2589
1763998494134 51.0 2599
1763998495595 51.0 2599
1763998499727 52.0 2609
1763998503468 52.0 2619
1763998507188 52.0 2629
1763998510926 52.0 2639
1763998514358 52.0 2649
1763998515741 52.0 2649
1763998520031 53.0 2659
1763998523762 53.0 2669
1763998527503 53.0 2679
1763998531240 53.0 2689
1763998534664 53.0 2699
1763998536052 53.0 2699
1763998540144 54.0 2709
1763998543849 54.0 2719
1763998547550 54.0 2729
1763998551250 54.0 2739
1763998554662 54.0 2749
1763998556054 54.0 2749
1763998560333 55.0 2759
1763998564033 55.0 2769
1763998567740 55.0 2779
1763998571469 55.0 2789
1763998574910 55.0 2799
1763998576296 55.0 2799
1763998580427 56.0 2809
1763998584157 56.0 2819
1763998587863 56.0 2829
1763998591563 56.0 2839
1763998595040 56.0 2849
1763998596420 56.0 2849
1763998600629 57.0 2859
1763998604375 57.0 2869
1763998608102 57.0 2879
1763998611806 57.0 2889
1763998615222 57.0 2899
1763998616611 57.0 2899
1763998620700 58.0 2909
1763998624403 58.0 2919
1763998628107 58.0 2929
1763998631842 58.0 2939
1763998635286 58.0 2949
1763998636710 58.0 2949
1763998640931 59.0 2959
1763998644642 59.0 2969
1763998648343 59.0 2979
1763998652043 59.0 2989
1763998655458 59.0 2999
1763998656839 59.0 2999
1763998660935 60.0 3009
1763998664639 60.0 3019
1763998668340 60.0 3029
1763998672041 60.0 3039
1763998675453 60.0 3049
1763998676827 60.0 3049
1763998681088 61.0 3059
1763998684788 61.0 3069
1763998688488 61.0 3079
1763998692188 61.0 3089
1763998695601 61.0 3099
1763998696980 61.0 3099
1763998701073 62.0 3109
1763998704774 62.0 3119
1763998708474 62.0 3129
1763998712177 62.0 3139
1763998715589 62.0 3149
1763998716962 62.0 3149
1763998721306 63.0 3159
1763998725009 63.0 3169
1763998728708 63.0 3179
1763998732407 63.0 3189
1763998735820 63.0 3199
1763998737197 63.0 3199
1763998741501 64.0 3209
1763998745204 64.0 3219
1763998748903 64.0 3229
1763998752603 64.0 3239
1763998756014 64.0 3249
1763998757387 64.0 3249
1763998761500 65.0 3259
1763998765202 65.0 3269
1763998768901 65.0 3279
1763998772600 65.0 3289
1763998776012 65.0 3299
1763998777385 65.0 3299
1763998781620 66.0 3309
1763998785325 66.0 3319
1763998789041 66.0 3329
1763998792747 66.0 3339
1763998796172 66.0 3349
1763998797603 66.0 3349
1763998801682 67.0 3359
1763998805385 67.0 3369
1763998809085 67.0 3379
1763998812784 67.0 3389
1763998816196 67.0 3399
1763998817571 67.0 3399
1763998821853 68.0 3409
1763998825555 68.0 3419
1763998829255 68.0 3429
1763998832955 68.0 3439
1763998836371 68.0 3449
1763998837757 68.0 3449
1763998842176 69.0 3459
1763998845879 69.0 3469
1763998849578 69.0 3479
1763998853278 69.0 3489
1763998856695 69.0 3499
1763998858070 69.0 3499
1763998862181 70.0 3509
1763998865882 70.0 3519
1763998869583 70.0 3529
1763998873283 70.0 3539
1763998876701 70.0 3549
1763998878086 70.0 3549
1763998882363 71.0 3559
1763998886066 71.0 3569
1763998889765 71.0 3579
1763998893466 71.0 3589
1763998896878 71.0 3599
1763998898253 71.0 3599
1763998902363 72.0 3609
1763998906102 72.0 3619
1763998909822 72.0 3629
1763998913527 72.0 3639
1763998916963 72.0 3649
1763998918443 72.0 3649
1763998922890 73.0 3659
1763998926594 73.0 3669
1763998930369 73.0 3679
1763998934117 73.0 3689
1763998937536 73.0 3699
1763998938940 73.0 3699
1763998943053 74.0 3709
1763998946767 74.0 3719
1763998950488 74.0 3729
1763998954220 74.0 3739
1763998957656 74.0 3749
1763998959094 74.0 3749
1763998963417 75.0 3759
1763998967119 75.0 3769
1763998970820 75.0 3779
1763998974522 75.0 3789
1763998977938 75.0 3799
1763998979320 75.0 3799
1763998983457 76.0 3809
1763998987158 76.0 3819
1763998990878 76.0 3829
1763998994579 76.0 3839
1763998997990 76.0 3849
1763998999364 76.0 3849
1763999003656 77.0 3859
1763999007354 77.0 3869
1763999011055 77.0 3879
1763999014754 77.0 3889
1763999018165 77.0 3899
1763999019540 77.0 3899
1763999023983 78.0 3909
1763999027690 78.0 3919
1763999031392 78.0 3929
1763999035092 78.0 3939
1763999038504 78.0 3949
1763999039901 78.0 3949
1763999044057 79.0 3959
1763999047757 79.0 3969
1763999051457 79.0 3979
1763999055160 79.0 3989
1763999058586 79.0 3999
1763999059960 79.0 3999
