1763997443957 0.6476398706436157 9
1763997447815 0.4871053099632263 19
1763997451602 0.5192046165466309 29
1763997455338 0.4073141813278198 39
1763997459041 0.4590122699737549 49
1763997464939 0.4728248715400696 59
1763997468673 0.4265154004096985 69
1763997472445 0.5331076383590698 79
1763997476183 0.4738299548625946 89
1763997479626 0.31760767102241516 99
1763997485569 0.5237353444099426 109
1763997489288 0.43497857451438904 119
1763997493230 0.32349324226379395 129
1763997496942 0.4176376461982727 139
1763997500363 0.28623858094215393 149
1763997505964 0.4294266700744629 159
1763997509670 0.2948737144470215 169
1763997513395 0.3681112825870514 179
1763997517147 0.4633346199989319 189
1763997520631 0.22822800278663635 199
1763997526547 0.28341177105903625 209
1763997530282 0.28744328022003174 219
1763997534007 0.3900786340236664 229
1763997537723 0.27162447571754456 239
1763997541181 0.7003631591796875 249
1763997546889 0.30663061141967773 259
1763997550619 0.3168624937534332 269
1763997554347 0.30427873134613037 279
1763997558067 0.22868236899375916 289
1763997561575 0.2774905562400818 299
1763997567292 0.219606414437294 309
1763997571001 0.24086886644363403 319
1763997574702 0.21599894762039185 329
1763997578430 0.26103734970092773 339
1763997581857 0.31172558665275574 349
1763997587397 0.15762461721897125 359
1763997591109 0.2073459029197693 369
1763997594821 0.21646472811698914 379
1763997598537 0.2191915512084961 389
1763997601990 0.2571360766887665 399
1763997607861 0.30080509185791016 409
1763997611574 0.23011727631092072 419
1763997615276 0.1688811033964157 429
1763997618981 0.15433615446090698 439
1763997622490 0.436912477016449 449
1763997628188 0.1655569076538086 459
1763997631918 0.1198621317744255 469
1763997635640 0.16358163952827454 479
1763997639365 0.21902452409267426 489
1763997642819 0.2834703326225281 499
1763997648505 0.15240056812763214 509
1763997652242 0.13651573657989502 519
1763997656017 0.1414761245250702 529
1763997659782 0.1107965037226677 539
1763997663256 0.380797803401947 549
1763997668860 0.13886800408363342 559
1763997672632 0.22116711735725403 569
1763997676459 0.16064560413360596 579
1763997680208 0.1342221349477768 589
1763997683676 0.43076348304748535 599
1763997689454 0.1446637213230133 609
1763997693187 0.15468907356262207 619
1763997696906 0.10231371968984604 629
1763997700626 0.10093125700950623 639
1763997704056 0.2435557097196579 649
1763997709663 0.14403533935546875 659
1763997713384 0.10545556247234344 669
1763997717095 0.165866881608963 679
1763997720820 0.10661694407463074 689
1763997724240 0.17485904693603516 699
1763997729965 0.09474489092826843 709
1763997733695 0.07673434168100357 719
1763997737421 0.10391391813755035 729
1763997741150 0.07913675904273987 739
1763997744595 0.11814362555742264 749
1763997750177 0.10130123049020767 759
1763997753908 0.15376317501068115 769
1763997757627 0.09622822701931 779
1763997761370 0.08256515860557556 789
1763997764835 0.23436594009399414 799
1763997770735 0.10963957011699677 809
1763997774787 0.08853410184383392 819
1763997778548 0.09150955080986023 829
1763997782262 0.10780945420265198 839
1763997785817 0.2299674153327942 849
1763997791480 0.08248162269592285 859
1763997795272 0.090067058801651 869
1763997798994 0.08017723262310028 879
1763997802728 0.06999418139457703 889
1763997806238 0.13685743510723114 899
1763997811992 0.06815657764673233 909
1763997815784 0.07727978378534317 919
1763997819542 0.057997927069664 929
1763997823312 0.07809272408485413 939
1763997826822 0.8658833503723145 949
1763997832450 0.15668562054634094 959
1763997836176 0.16065892577171326 969
1763997839910 0.08810176700353622 979
1763997843646 0.10173723101615906 989
1763997847071 0.11787176132202148 999
1763997852687 0.08810292184352875 1009
1763997856410 0.06096629798412323 1019
1763997860139 0.06752444803714752 1029
1763997863867 0.053096383810043335 1039
1763997867305 1.1326262950897217 1049
1763997872802 0.09834500402212143 1059
1763997876514 0.07171475142240524 1069
1763997880234 0.06680793315172195 1079
1763997883955 0.08075644075870514 1089
1763997887417 0.15459346771240234 1099
1763997893165 0.04770196974277496 1109
1763997896868 0.046728700399398804 1119
1763997900572 0.05898849666118622 1129
1763997904314 0.05189307779073715 1139
1763997907751 0.15423795580863953 1149
1763997913299 0.06251220405101776 1159
1763997917022 0.09585307538509369 1169
1763997920760 0.06995823979377747 1179
1763997924483 0.048759691417217255 1189
1763997927921 0.16277387738227844 1199
1763997933628 0.05349475145339966 1209
1763997937417 0.059827063232660294 1219
1763997941193 0.047671057283878326 1229
1763997944919 0.04764876887202263 1239
1763997948359 0.10791599750518799 1249
1763997953979 0.04813963174819946 1259
1763997957802 0.035795658826828 1269
1763997961549 0.04530069977045059 1279
1763997965272 0.0461152046918869 1289
1763997968806 0.0596272349357605 1299
1763997974411 0.03951844945549965 1309
1763997978114 0.03710497170686722 1319
1763997981814 0.08179620653390884 1329
1763997985514 0.04036448150873184 1339
1763997988984 0.06474721431732178 1349
1763997994605 0.03317229449748993 1359
1763997998335 0.0445697084069252 1369
1763998002349 0.041839830577373505 1379
1763998006107 0.038140200078487396 1389
1763998009625 0.1194707453250885 1399
1763998015410 0.05531203746795654 1409
1763998019173 0.03740930184721947 1419
1763998022899 0.034999143332242966 1429
1763998026614 0.03636818751692772 1439
1763998030045 0.10606613010168076 1449
1763998035630 0.05835731700062752 1459
1763998039405 0.04604393243789673 1469
1763998043305 0.04470458999276161 1479
1763998047061 0.03960154950618744 1489
1763998050496 0.1096966564655304 1499
1763998056143 0.0735098123550415 1509
1763998059856 0.05783829092979431 1519
1763998063559 0.052946802228689194 1529
1763998067290 0.04673229157924652 1539
1763998070744 0.036848969757556915 1549
1763998076308 0.03703092038631439 1559
1763998080015 0.04332835227251053 1569
1763998083717 0.042762793600559235 1579
1763998087418 0.03127025440335274 1589
1763998090833 0.05830960348248482 1599
1763998096503 0.03514327108860016 1609
1763998100207 0.03273944556713104 1619
1763998103910 0.029405109584331512 1629
1763998107644 0.0405719093978405 1639
1763998111082 0.14969071745872498 1649
1763998116620 0.04360102117061615 1659
1763998120324 0.03939422219991684 1669
1763998124026 0.035619188100099564 1679
1763998127726 0.03817647323012352 1689
1763998131211 0.10119140148162842 1699
1763998136873 0.04104839637875557 1709
1763998140572 0.041662588715553284 1719
1763998144275 0.032782673835754395 1729
1763998147977 0.0348716638982296 1739
1763998151389 0.04729282855987549 1749
1763998156895 0.0308514516800642 1759
1763998160596 0.034383758902549744 1769
1763998164296 0.02681032195687294 1779
1763998167993 0.025203149765729904 1789
1763998171425 0.06631286442279816 1799
1763998177061 0.03641314059495926 1809
1763998180766 0.03332970291376114 1819
1763998184472 0.039573900401592255 1829
1763998188173 0.028419123962521553 1839
1763998191585 0.062309034168720245 1849
1763998197166 0.036974940448999405 1859
1763998200885 0.046027690172195435 1869
1763998204590 0.032238252460956573 1879
1763998208321 0.0482255220413208 1889
1763998211755 0.10155738145112991 1899
1763998217395 0.04807379096746445 1909
1763998221098 0.03898993879556656 1919
1763998224798 0.039481356739997864 1929
1763998228499 0.03298715129494667 1939
1763998231911 0.13743716478347778 1949
1763998237588 0.047080785036087036 1959
1763998241288 0.060611315071582794 1969
1763998244989 0.06868168711662292 1979
1763998248687 0.04273870214819908 1989
1763998252099 0.07713042199611664 1999
1763998257588 0.030059386044740677 2009
1763998261290 0.03142739087343216 2019
1763998264991 0.02694842778146267 2029
1763998268689 0.027245938777923584 2039
1763998272103 0.8267577290534973 2049
1763998277779 0.09662692248821259 2059
1763998281479 0.08474094420671463 2069
1763998285179 0.09841763973236084 2079
1763998288879 0.1022033542394638 2089
1763998292294 0.18190890550613403 2099
1763998297768 0.0620662197470665 2109
1763998301477 0.06428641080856323 2119
1763998305178 0.046364977955818176 2129
1763998308877 0.054979003965854645 2139
1763998312289 0.08914776146411896 2149
1763998318052 0.04568767547607422 2159
1763998321753 0.03344786912202835 2169
1763998325454 0.03173269331455231 2179
1763998329154 0.0385172963142395 2189
1763998332583 0.8501650094985962 2199
1763998338132 0.06789109110832214 2209
1763998341834 0.04039069637656212 2219
1763998345535 0.034449271857738495 2229
1763998349234 0.0441138818860054 2239
1763998352660 0.08190802484750748 2249
1763998358458 0.03332545608282089 2259
1763998362168 0.030320975929498672 2269
1763998365900 0.06198343634605408 2279
1763998369602 0.031146656721830368 2289
1763998373017 0.04565594717860222 2299
1763998378596 0.041642267256975174 2309
1763998382295 0.034499600529670715 2319
1763998386003 0.032618068158626556 2329
1763998389702 0.024307163432240486 2339
1763998393114 0.03552432730793953 2349
1763998398723 0.031534720212221146 2359
1763998402422 0.024964097887277603 2369
1763998406153 0.027279425412416458 2379
1763998409906 0.02303839661180973 2389
1763998413349 0.06521272659301758 2399
1763998418951 0.025633711367845535 2409
1763998422678 0.02372650057077408 2419
1763998426405 0.02466832846403122 2429
1763998430128 0.022394388914108276 2439
1763998433542 0.03411237150430679 2449
1763998439295 0.023478828370571136 2459
1763998443009 0.025889715179800987 2469
1763998446710 0.023654164746403694 2479
1763998450415 0.02195005863904953 2489
1763998453830 0.5742287039756775 2499
1763998459361 0.04318399727344513 2509
1763998463062 0.05139318108558655 2519
1763998466762 0.044358085840940475 2529
1763998470465 0.03316265344619751 2539
1763998473877 0.033425379544496536 2549
1763998479559 0.029703989624977112 2559
1763998483262 0.03203260526061058 2569
1763998486967 0.029607832431793213 2579
1763998490665 0.040024638175964355 2589
1763998494134 0.04707090184092522 2599
1763998499727 0.026977259665727615 2609
1763998503468 0.02750725857913494 2619
1763998507188 0.023226581513881683 2629
1763998510926 0.024546481668949127 2639
1763998514358 0.04647944122552872 2649
1763998520031 0.024849342182278633 2659
1763998523762 0.0221841000020504 2669
1763998527503 0.024648714810609818 2679
1763998531240 0.029114460572600365 2689
1763998534664 0.0770052820444107 2699
1763998540144 0.027666931971907616 2709
1763998543849 0.026271816343069077 2719
1763998547550 0.03315126895904541 2729
1763998551250 0.02137700654566288 2739
1763998554662 0.04902414605021477 2749
1763998560333 0.023185262456536293 2759
1763998564033 0.031736962497234344 2769
1763998567740 0.021290749311447144 2779
1763998571469 0.021707061678171158 2789
1763998574910 0.0647171214222908 2799
1763998580427 0.02294514887034893 2809
1763998584157 0.02177833765745163 2819
1763998587863 0.0337301567196846 2829
1763998591563 0.027833305299282074 2839
1763998595040 0.0744701474905014 2849
1763998600629 0.023813920095562935 2859
1763998604375 0.028378330171108246 2869
1763998608102 0.024710919708013535 2879
1763998611806 0.025909481570124626 2889
1763998615222 0.04258693754673004 2899
1763998620700 0.028640788048505783 2909
1763998624403 0.02495850995182991 2919
1763998628107 0.02322462573647499 2929
1763998631842 0.03465520218014717 2939
1763998635286 0.0408555343747139 2949
1763998640931 0.025485582649707794 2959
1763998644642 0.03089434653520584 2969
1763998648343 0.03056791052222252 2979
1763998652043 0.021579615771770477 2989
1763998655458 0.03477795422077179 2999
1763998660935 0.02488623559474945 3009
1763998664639 0.024966217577457428 3019
1763998668340 0.02359835058450699 3029
1763998672041 0.023484673351049423 3039
1763998675453 0.05443812534213066 3049
1763998681088 0.024865377694368362 3059
1763998684788 0.02447785809636116 3069
1763998688488 0.02278713509440422 3079
1763998692188 0.03463616222143173 3089
1763998695601 0.5690335035324097 3099
1763998701073 0.06590738892555237 3109
1763998704774 0.06047569587826729 3119
1763998708474 0.05049483850598335 3129
1763998712177 0.04453759640455246 3139
1763998715589 0.05795614793896675 3149
1763998721306 0.03590965270996094 3159
1763998725009 0.030619610100984573 3169
1763998728708 0.031031519174575806 3179
1763998732407 0.038345202803611755 3189
1763998735820 0.5156850218772888 3199
1763998741501 0.045922309160232544 3209
1763998745204 0.03181348368525505 3219
1763998748903 0.03552144393324852 3229
1763998752603 0.030909990891814232 3239
1763998756014 0.026457982137799263 3249
1763998761500 0.024530306458473206 3259
1763998765202 0.023280911147594452 3269
1763998768901 0.023579217493534088 3279
1763998772600 0.02421088144183159 3289
1763998776012 0.05680595338344574 3299
1763998781620 0.025944478809833527 3309
1763998785325 0.029151996597647667 3319
1763998789041 0.023996084928512573 3329
1763998792747 0.02260802499949932 3339
1763998796172 0.08042015135288239 3349
1763998801682 0.02997463196516037 3359
1763998805385 0.023701544851064682 3369
1763998809085 0.022961249575018883 3379
1763998812784 0.11341096460819244 3389
1763998816196 0.06733763217926025 3399
1763998821853 0.025051968172192574 3409
1763998825555 0.03796214610338211 3419
1763998829255 0.025920823216438293 3429
1763998832955 0.024007383733987808 3439
1763998836371 0.053440921008586884 3449
1763998842176 0.028437552973628044 3459
1763998845879 0.03445348143577576 3469
1763998849578 0.027213485911488533 3479
1763998853278 0.02474449947476387 3489
1763998856695 0.043277837336063385 3499
1763998862181 0.020675379782915115 3509
1763998865882 0.020336702466011047 3519
1763998869583 0.02456962689757347 3529
1763998873283 0.024499816820025444 3539
1763998876701 0.04729115962982178 3549
1763998882363 0.021183408796787262 3559
1763998886066 0.022936604917049408 3569
1763998889765 0.020204095169901848 3579
1763998893466 0.019260041415691376 3589
1763998896878 0.03354830667376518 3599
1763998902363 0.07331037521362305 3609
1763998906102 0.03812955692410469 3619
1763998909822 0.02035544067621231 3629
1763998913527 0.024327052757143974 3639
1763998916963 0.06672517955303192 3649
1763998922890 0.02742370218038559 3659
1763998926594 0.02802114188671112 3669
1763998930369 0.024167800322175026 3679
1763998934117 0.022441942244768143 3689
1763998937536 0.024979468435049057 3699
1763998943053 0.018626052886247635 3709
1763998946767 0.023234710097312927 3719
1763998950488 0.02318890392780304 3729
1763998954220 0.023853780701756477 3739
1763998957656 0.05530816316604614 3749
1763998963417 0.024576108902692795 3759
1763998967119 0.02541046403348446 3769
1763998970820 0.02162010222673416 3779
1763998974522 0.02030642144382 3789
1763998977938 0.03959526866674423 3799
1763998983457 0.020353959873318672 3809
1763998987158 0.019570384174585342 3819
1763998990878 0.019813712686300278 3829
1763998994579 0.019756481051445007 3839
1763998997990 0.02446250058710575 3849
1763999003656 0.020073147490620613 3859
1763999007354 0.021763233467936516 3869
1763999011055 0.020634600892663002 3879
1763999014754 0.019719082862138748 3889
1763999018165 0.032751910388469696 3899
1763999023983 0.02223724126815796 3909
1763999027690 0.01924135535955429 3919
1763999031392 0.024148982018232346 3929
1763999035092 0.017509620636701584 3939
1763999038504 0.038652338087558746 3949
1763999044057 0.020729057490825653 3959
1763999047757 0.019960254430770874 3969
1763999051457 0.020712904632091522 3979
1763999055160 0.02028643526136875 3989
1763999058586 0.043206267058849335 3999
