1764022740920 0.0 9
1764022746984 0.0 19
1764022752978 0.0 29
1764022759003 0.0 39
1764022764900 0.0 49
1764022767246 0.0 49
1764022774449 1.0 59
1764022780417 1.0 69
1764022786374 1.0 79
1764022792367 1.0 89
1764022797887 1.0 99
1764022800155 1.0 99
1764022807123 2.0 109
1764022813065 2.0 119
1764022818986 2.0 129
1764022824958 2.0 139
1764022830484 2.0 149
1764022832693 2.0 149
1764022839487 3.0 159
1764022845416 3.0 169
1764022851338 3.0 179
1764022857267 3.0 189
1764022862771 3.0 199
1764022865016 3.0 199
1764022871751 4.0 209
1764022877674 4.0 219
1764022883618 4.0 229
1764022889547 4.0 239
1764022895052 4.0 249
1764022897291 4.0 249
1764022903920 5.0 259
1764022909842 5.0 269
1764022915754 5.0 279
1764022921673 5.0 289
1764022927143 5.0 299
1764022929377 5.0 299
1764022936079 6.0 309
1764022942003 6.0 319
1764022947919 6.0 329
1764022953846 6.0 339
1764022959337 6.0 349
1764022961541 6.0 349
1764022968192 7.0 359
1764022974112 7.0 369
1764022980030 7.0 379
1764022985952 7.0 389
1764022991425 7.0 399
1764022993651 7.0 399
1764023000448 8.0 409
1764023006373 8.0 419
1764023012343 8.0 429
1764023018303 8.0 439
1764023023822 8.0 449
1764023026028 8.0 449
1764023032926 9.0 459
1764023038885 9.0 469
1764023044867 9.0 479
1764023050847 9.0 489
1764023056341 9.0 499
1764023058564 9.0 499
1764023065306 10.0 509
1764023071280 10.0 519
1764023077245 10.0 529
1764023083239 10.0 539
1764023088726 10.0 549
1764023090951 10.0 549
1764023097723 11.0 559
1764023103696 11.0 569
1764023109660 11.0 579
1764023115663 11.0 589
1764023121201 11.0 599
1764023123434 11.0 599
1764023130212 12.0 609
1764023136165 12.0 619
1764023142136 12.0 629
1764023148118 12.0 639
1764023153647 12.0 649
1764023155866 12.0 649
1764023163585 13.0 659
1764023169584 13.0 669
1764023175550 13.0 679
1764023181492 13.0 689
1764023187014 13.0 699
1764023189229 13.0 699
1764023196023 14.0 709
1764023201983 14.0 719
1764023207934 14.0 729
1764023213959 14.0 739
1764023219509 14.0 749
1764023221768 14.0 749
1764023231092 15.0 759
1764023237081 15.0 769
1764023243069 15.0 779
1764023249042 15.0 789
1764023254662 15.0 799
1764023256938 15.0 799
1764023265954 16.0 809
1764023271957 16.0 819
1764023277979 16.0 829
1764023284102 16.0 839
1764023289688 16.0 849
1764023291969 16.0 849
1764023299899 17.0 859
1764023305951 17.0 869
1764023311942 17.0 879
1764023317932 17.0 889
1764023323453 17.0 899
1764023325665 17.0 899
1764023333680 18.0 909
1764023339633 18.0 919
1764023345614 18.0 929
1764023351586 18.0 939
1764023357137 18.0 949
1764023359371 18.0 949
1764023367018 19.0 959
1764023372989 19.0 969
1764023378947 19.0 979
1764023384968 19.0 989
1764023390512 19.0 999
1764023392739 19.0 999
1764023400010 20.0 1009
1764023405963 20.0 1019
1764023411937 20.0 1029
1764023417913 20.0 1039
1764023423486 20.0 1049
1764023425739 20.0 1049
1764023433227 21.0 1059
1764023439197 21.0 1069
1764023445167 21.0 1079
1764023451213 21.0 1089
1764023456797 21.0 1099
1764023459038 21.0 1099
1764023466572 22.0 1109
1764023472549 22.0 1119
1764023478616 22.0 1129
1764023484653 22.0 1139
1764023490211 22.0 1149
1764023492499 22.0 1149
1764023499968 23.0 1159
1764023505998 23.0 1169
1764023512011 23.0 1179
1764023518000 23.0 1189
1764023523550 23.0 1199
1764023525780 23.0 1199
1764023533378 24.0 1209
1764023539416 24.0 1219
1764023545417 24.0 1229
1764023551415 24.0 1239
1764023557002 24.0 1249
1764023559233 24.0 1249
1764023566713 25.0 1259
1764023572738 25.0 1269
1764023578744 25.0 1279
1764023584747 25.0 1289
1764023590289 25.0 1299
1764023592511 25.0 1299
1764023599593 26.0 1309
1764023605590 26.0 1319
1764023611581 26.0 1329
1764023617613 26.0 1339
1764023623138 26.0 1349
1764023625357 26.0 1349
1764023633552 27.0 1359
1764023639543 27.0 1369
1764023645500 27.0 1379
1764023651469 27.0 1389
1764023656977 27.0 1399
1764023659183 27.0 1399
1764023666958 28.0 1409
1764023672918 28.0 1419
1764023678879 28.0 1429
1764023684866 28.0 1439
1764023690410 28.0 1449
1764023692640 28.0 1449
1764023700414 29.0 1459
1764023706472 29.0 1469
1764023712476 29.0 1479
1764023718465 29.0 1489
1764023724063 29.0 1499
1764023726286 29.0 1499
1764023733919 30.0 1509
1764023739970 30.0 1519
1764023745952 30.0 1529
1764023751929 30.0 1539
1764023757464 30.0 1549
1764023759711 30.0 1549
1764023767143 31.0 1559
1764023773178 31.0 1569
1764023779139 31.0 1579
1764023785099 31.0 1589
1764023790624 31.0 1599
1764023792857 31.0 1599
1764023800009 32.0 1609
1764023805995 32.0 1619
1764023811998 32.0 1629
1764023817932 32.0 1639
1764023823462 32.0 1649
1764023825670 32.0 1649
1764023832873 33.0 1659
1764023838817 33.0 1669
1764023844802 33.0 1679
1764023850804 33.0 1689
1764023856377 33.0 1699
1764023858608 33.0 1699
1764023865935 34.0 1709
1764023871938 34.0 1719
1764023877929 34.0 1729
1764023883921 34.0 1739
1764023889462 34.0 1749
1764023891695 34.0 1749
1764023899021 35.0 1759
1764023905022 35.0 1769
1764023911042 35.0 1779
1764023917029 35.0 1789
1764023922592 35.0 1799
1764023924861 35.0 1799
1764023932053 36.0 1809
1764023938037 36.0 1819
1764023944007 36.0 1829
1764023950012 36.0 1839
1764023955555 36.0 1849
1764023957789 36.0 1849
1764023965458 37.0 1859
1764023971474 37.0 1869
1764023977472 37.0 1879
1764023983471 37.0 1889
1764023989004 37.0 1899
1764023991234 37.0 1899
1764023999083 38.0 1909
1764024005109 38.0 1919
1764024011108 38.0 1929
1764024017117 38.0 1939
1764024022752 38.0 1949
1764024025014 38.0 1949
1764024033245 39.0 1959
1764024039259 39.0 1969
1764024045247 39.0 1979
1764024051249 39.0 1989
1764024056833 39.0 1999
1764024059056 39.0 1999
1764024067333 40.0 2009
1764024073478 40.0 2019
1764024079417 40.0 2029
1764024085381 40.0 2039
1764024090957 40.0 2049
1764024093211 40.0 2049
1764024100759 41.0 2059
1764024106747 41.0 2069
1764024112735 41.0 2079
1764024118708 41.0 2089
1764024124243 41.0 2099
1764024126457 41.0 2099
1764024133781 42.0 2109
1764024139776 42.0 2119
1764024145769 42.0 2129
1764024151796 42.0 2139
1764024157355 42.0 2149
1764024159592 42.0 2149
1764024167001 43.0 2159
1764024173095 43.0 2169
1764024179083 43.0 2179
1764024185063 43.0 2189
1764024190692 43.0 2199
1764024192890 43.0 2199
1764024200157 44.0 2209
1764024206127 44.0 2219
1764024212107 44.0 2229
1764024218067 44.0 2239
1764024223606 44.0 2249
1764024225829 44.0 2249
1764024233328 45.0 2259
1764024239291 45.0 2269
1764024245280 45.0 2279
1764024251248 45.0 2289
1764024256747 45.0 2299
1764024258975 45.0 2299
1764024266130 46.0 2309
1764024272115 46.0 2319
1764024278146 46.0 2329
1764024296354 46.0 2339
1764024301893 46.0 2349
1764024304115 46.0 2349
1764024312109 47.0 2359
1764024318080 47.0 2369
1764024324036 47.0 2379
1764024329978 47.0 2389
1764024335530 47.0 2399
1764024337694 47.0 2399
1764024344760 48.0 2409
1764024350703 48.0 2419
1764024356635 48.0 2429
1764024362566 48.0 2439
1764024368105 48.0 2449
1764024370264 48.0 2449
1764024377232 49.0 2459
1764024383174 49.0 2469
1764024389108 49.0 2479
1764024395039 49.0 2489
1764024400530 49.0 2499
1764024402738 49.0 2499
1764024409600 50.0 2509
1764024415523 50.0 2519
1764024421445 50.0 2529
1764024427382 50.0 2539
1764024432872 50.0 2549
1764024435083 50.0 2549
1764024441629 51.0 2559
1764024447546 51.0 2569
1764024453462 51.0 2579
1764024459395 51.0 2589
1764024464892 51.0 2599
1764024467122 51.0 2599
1764024473891 52.0 2609
1764025377803 52.0 2619
1764025383779 52.0 2629
1764025389728 52.0 2639
1764025395238 52.0 2649
1764025397446 52.0 2649
1764025404319 53.0 2659
1764025410276 53.0 2669
1764025417023 53.0 2679
1764025423561 53.0 2689
1764025430497 53.0 2699
1764025433022 53.0 2699
1764025443671 54.0 2709
1764025452088 54.0 2719
1764025461001 54.0 2729
1764025470235 54.0 2739
1764025480057 54.0 2749
1764025483518 54.0 2749
1764025496866 55.0 2759
1764025507814 55.0 2769
1764025520778 55.0 2779
1764025532580 55.0 2789
1764025542896 55.0 2799
1764025547756 55.0 2799
1764025560367 56.0 2809
1764025574952 56.0 2819
1764025589359 56.0 2829
1764025604504 56.0 2839
1764025620853 56.0 2849
1764025628208 56.0 2849
1764025649843 57.0 2859
1764025670027 57.0 2869
1764025690016 57.0 2879
1764025710015 57.0 2889
1764025728601 57.0 2899
1764025735993 57.0 2899
1764025757731 58.0 2909
1764025777733 58.0 2919
1764025797800 58.0 2929
1764025817891 58.0 2939
1764025836367 58.0 2949
1764025843800 58.0 2949
1764025865317 59.0 2959
1764025885327 59.0 2969
1764025905325 59.0 2979
1764025925298 59.0 2989
1764025943756 59.0 2999
1764025951135 59.0 2999
1764025971401 60.0 3009
1764025991279 60.0 3019
1764026012521 60.0 3029
1764026033043 60.0 3039
1764026052383 60.0 3049
1764026060950 60.0 3049
1764026085174 61.0 3059
1764026107908 61.0 3069
1764026132632 61.0 3079
1764026154480 61.0 3089
1764026175252 61.0 3099
1764026183843 61.0 3099
1764026206691 62.0 3109
1764026227283 62.0 3119
1764026247558 62.0 3129
1764026267208 62.0 3139
1764026286489 62.0 3149
1764026296007 62.0 3149
1764026319469 63.0 3159
1764026340198 63.0 3169
1764026363990 63.0 3179
1764026387907 63.0 3189
1764026408288 63.0 3199
1764026416655 63.0 3199
1764026439656 64.0 3209
1764026460173 64.0 3219
1764026480318 64.0 3229
1764026499204 64.0 3239
1764026516190 64.0 3249
1764026523892 64.0 3249
1764026546308 65.0 3259
1764026566224 65.0 3269
1764026585771 65.0 3279
1764026605674 65.0 3289
1764026623421 65.0 3299
1764026631500 65.0 3299
1764026656393 66.0 3309
1764026677291 66.0 3319
1764026697322 66.0 3329
1764026721123 66.0 3339
1764026743426 66.0 3349
1764026752775 66.0 3349
1764026777488 67.0 3359
1764026797627 67.0 3369
1764026819772 67.0 3379
1764026841034 67.0 3389
1764026861061 67.0 3399
1764026869825 67.0 3399
1764026899898 68.0 3409
1764026926509 68.0 3419
1764026953662 68.0 3429
1764026981296 68.0 3439
1764027003268 68.0 3449
1764027013297 68.0 3449
1764027041664 69.0 3459
1764027069131 69.0 3469
1764027092119 69.0 3479
1764027118445 69.0 3489
1764027142470 69.0 3499
1764027152147 69.0 3499
1764027180062 70.0 3509
1764027203327 70.0 3519
1764027223347 70.0 3529
1764027243974 70.0 3539
1764027261862 70.0 3549
1764027269485 70.0 3549
1764027291147 71.0 3559
1764027311904 71.0 3569
1764027333253 71.0 3579
1764027353748 71.0 3589
1764027373663 71.0 3599
1764027381499 71.0 3599
1764027404348 72.0 3609
1764027425051 72.0 3619
1764027444974 72.0 3629
1764027465423 72.0 3639
1764027484389 72.0 3649
1764027494454 72.0 3649
1764027517967 73.0 3659
1764027538943 73.0 3669
1764027559501 73.0 3679
1764027581627 73.0 3689
1764027601972 73.0 3699
1764027610251 73.0 3699
1764027633575 74.0 3709
1764027653872 74.0 3719
1764027673138 74.0 3729
1764027694028 74.0 3739
1764027712234 74.0 3749
1764027720355 74.0 3749
1764027743037 75.0 3759
1764027764342 75.0 3769
1764027787611 75.0 3779
1764027808094 75.0 3789
1764027826006 75.0 3799
1764027834037 75.0 3799
1764027856933 76.0 3809
1764027879208 76.0 3819
1764027902097 76.0 3829
1764027925998 76.0 3839
1764027945843 76.0 3849
1764027954667 76.0 3849
1764027978665 77.0 3859
1764027999933 77.0 3869
1764028022040 77.0 3879
1764028041892 77.0 3889
1764028060126 77.0 3899
1764028068389 77.0 3899
1764028093467 78.0 3909
1764028115652 78.0 3919
1764028137245 78.0 3929
1764028159378 78.0 3939
1764028180815 78.0 3949
1764028188102 78.0 3949
1764028209044 79.0 3959
1764028228450 79.0 3969
1764028245869 79.0 3979
1764028263201 79.0 3989
1764028278745 79.0 3999
1764028285620 79.0 3999
