1764022740920 0.6341911554336548 9
1764022746984 0.5766994953155518 19
1764022752978 0.5038442611694336 29
1764022759003 0.46683964133262634 39
1764022764900 0.32396888732910156 49
1764022774449 0.7673564553260803 59
1764022780417 0.4539598226547241 69
1764022786374 0.5385934114456177 79
1764022792367 0.4264431893825531 89
1764022797887 0.7455762624740601 99
1764022807123 0.2902500331401825 109
1764022813065 0.2786197066307068 119
1764022818986 0.3623966574668884 129
1764022824958 0.33775830268859863 139
1764022830484 0.5027451515197754 149
1764022839487 0.4800328016281128 159
1764022845416 0.26817792654037476 169
1764022851338 0.2993701696395874 179
1764022857267 0.2836672067642212 189
1764022862771 0.3473778963088989 199
1764022871751 0.28392326831817627 209
1764022877674 0.33486494421958923 219
1764022883618 0.30421730875968933 229
1764022889547 0.26347780227661133 239
1764022895052 0.203558549284935 249
1764022903920 0.2271057665348053 259
1764022909842 0.18940335512161255 269
1764022915754 0.19403564929962158 279
1764022921673 0.2472737729549408 289
1764022927143 0.25157657265663147 299
1764022936079 0.1811077892780304 309
1764022942003 0.21114200353622437 319
1764022947919 0.19002151489257812 329
1764022953846 0.1919856071472168 339
1764022959337 0.2228403091430664 349
1764022968192 0.3213666081428528 359
1764022974112 0.19936047494411469 369
1764022980030 0.13570547103881836 379
1764022985952 0.21033740043640137 389
1764022991425 0.17611055076122284 399
1764023000448 0.25338214635849 409
1764023006373 0.12654367089271545 419
1764023012343 0.14864696562290192 429
1764023018303 0.12061695009469986 439
1764023023822 0.734700083732605 449
1764023032926 0.1586126983165741 459
1764023038885 0.1457110345363617 469
1764023044867 0.12000424414873123 479
1764023050847 0.1291409134864807 489
1764023056341 0.22180795669555664 499
1764023065306 0.12448933720588684 509
1764023071280 0.10259515047073364 519
1764023077245 0.2677479386329651 529
1764023083239 0.1069764643907547 539
1764023088726 0.2118798941373825 549
1764023097723 0.10224653035402298 559
1764023103696 0.10639890283346176 569
1764023109660 0.09511274099349976 579
1764023115663 0.10358027368783951 589
1764023121201 0.16955983638763428 599
1764023130212 0.12361300736665726 609
1764023136165 0.18649551272392273 619
1764023142136 0.1448742002248764 629
1764023148118 0.15479642152786255 639
1764023153647 0.18964356184005737 649
1764023163585 0.10839647799730301 659
1764023169584 0.09680019319057465 669
1764023175550 0.08120463788509369 679
1764023181492 0.10656675696372986 689
1764023187014 0.21605531871318817 699
1764023196023 0.13863611221313477 709
1764023201983 0.10234414041042328 719
1764023207934 0.11103744059801102 729
1764023213959 0.10996223986148834 739
1764023219509 0.3106953501701355 749
1764023231092 0.10325933992862701 759
1764023237081 0.09578908979892731 769
1764023243069 0.13306131958961487 779
1764023249042 0.07424449920654297 789
1764023254662 0.1078043133020401 799
1764023265954 0.07307960093021393 809
1764023271957 0.08155538141727448 819
1764023277979 0.08446118235588074 829
1764023284102 0.08310668915510178 839
1764023289688 0.16924439370632172 849
1764023299899 0.07943795621395111 859
1764023305951 0.08021768927574158 869
1764023311942 0.07043047249317169 879
1764023317932 0.08042359352111816 889
1764023323453 0.19412726163864136 899
1764023333680 0.07545076310634613 909
1764023339633 0.08094063401222229 919
1764023345614 0.0714634358882904 929
1764023351586 0.09417973458766937 939
1764023357137 1.0381901264190674 949
1764023367018 0.08384546637535095 959
1764023372989 0.09763949364423752 969
1764023378947 0.054287172853946686 979
1764023384968 0.07515305280685425 989
1764023390512 0.16819390654563904 999
1764023400010 0.1318477839231491 1009
1764023405963 0.09139065444469452 1019
1764023411937 0.07172440737485886 1029
1764023417913 0.06700421869754791 1039
1764023423486 0.35195451974868774 1049
1764023433227 0.1225283220410347 1059
1764023439197 0.08912783861160278 1069
1764023445167 0.0710783451795578 1079
1764023451213 0.09456411004066467 1089
1764023456797 0.162140354514122 1099
1764023466572 0.06155755743384361 1109
1764023472549 0.07944990694522858 1119
1764023478616 0.04920134320855141 1129
1764023484653 0.06707295775413513 1139
1764023490211 0.15238811075687408 1149
1764023499968 0.07865965366363525 1159
1764023505998 0.0469391867518425 1169
1764023512011 0.05428546667098999 1179
1764023518000 0.056304097175598145 1189
1764023523550 0.16402289271354675 1199
1764023533378 0.05327307805418968 1209
1764023539416 0.05611935257911682 1219
1764023545417 0.05549289658665657 1229
1764023551415 0.05320505052804947 1239
1764023557002 0.08794418722391129 1249
1764023566713 0.04350036755204201 1259
1764023572738 0.06109219044446945 1269
1764023578744 0.04505182057619095 1279
1764023584747 0.03787617385387421 1289
1764023590289 0.06730689853429794 1299
1764023599593 0.045108456164598465 1309
1764023605590 0.04986735060811043 1319
1764023611581 0.03587501496076584 1329
1764023617613 0.04284360259771347 1339
1764023623138 0.1351628452539444 1349
1764023633552 0.06692491471767426 1359
1764023639543 0.03688305616378784 1369
1764023645500 0.0707404613494873 1379
1764023651469 0.05500205233693123 1389
1764023656977 0.063752681016922 1399
1764023666958 0.0439382903277874 1409
1764023672918 0.040659841150045395 1419
1764023678879 0.044999606907367706 1429
1764023684866 0.03491940721869469 1439
1764023690410 0.08740086108446121 1449
1764023700414 0.045998770743608475 1459
1764023706472 0.040346015244722366 1469
1764023712476 0.03327357769012451 1479
1764023718465 0.0367598794400692 1489
1764023724063 0.08276937901973724 1499
1764023733919 0.06270706653594971 1509
1764023739970 0.04049692302942276 1519
1764023745952 0.04611828178167343 1529
1764023751929 0.03454688936471939 1539
1764023757464 0.07555030286312103 1549
1764023767143 0.04472899064421654 1559
1764023773178 0.04420451074838638 1569
1764023779139 0.0432453490793705 1579
1764023785099 0.040921829640865326 1589
1764023790624 0.07167620956897736 1599
1764023800009 0.035274870693683624 1609
1764023805995 0.02922365814447403 1619
1764023811998 0.02872023917734623 1629
1764023817932 0.027146456763148308 1639
1764023823462 0.11607643216848373 1649
1764023832873 0.042479902505874634 1659
1764023838817 0.04254968464374542 1669
1764023844802 0.03263054043054581 1679
1764023850804 0.035950370132923126 1689
1764023856377 0.06383578479290009 1699
1764023865935 0.03694779425859451 1709
1764023871938 0.033883631229400635 1719
1764023877929 0.027379151433706284 1729
1764023883921 0.024805855005979538 1739
1764023889462 0.1336168348789215 1749
1764023899021 0.02802003175020218 1759
1764023905022 0.03127898648381233 1769
1764023911042 0.028823282569646835 1779
1764023917029 0.03514485061168671 1789
1764023922592 0.06490945816040039 1799
1764023932053 0.030078085139393806 1809
1764023938037 0.03297717124223709 1819
1764023944007 0.025471318513154984 1829
1764023950012 0.029325105249881744 1839
1764023955555 0.15303818881511688 1849
1764023965458 0.034683097153902054 1859
1764023971474 0.03505577892065048 1869
1764023977472 0.04267139732837677 1879
1764023983471 0.04290572553873062 1889
1764023989004 0.06518194824457169 1899
1764023999083 0.0388481430709362 1909
1764024005109 0.03145253658294678 1919
1764024011108 0.028555475175380707 1929
1764024017117 0.03702045977115631 1939
1764024022752 0.043241217732429504 1949
1764024033245 0.028127489611506462 1959
1764024039259 0.02887924760580063 1969
1764024045247 0.024470139294862747 1979
1764024051249 0.024040577933192253 1989
1764024056833 0.06000768393278122 1999
1764024067333 0.05204106122255325 2009
1764024073478 0.04694102331995964 2019
1764024079417 0.037708401679992676 2029
1764024085381 0.029249785467982292 2039
1764024090957 0.03319845348596573 2049
1764024100759 0.030408181250095367 2059
1764024106747 0.03184454143047333 2069
1764024112735 0.03190917521715164 2079
1764024118708 0.03552082180976868 2089
1764024124243 0.08446457982063293 2099
1764024133781 0.039942316710948944 2109
1764024139776 0.03237620368599892 2119
1764024145769 0.03037860244512558 2129
1764024151796 0.035718776285648346 2139
1764024157355 0.06520600616931915 2149
1764024167001 0.0276934914290905 2159
1764024173095 0.030906032770872116 2169
1764024179083 0.026283130049705505 2179
1764024185063 0.03145935386419296 2189
1764024190692 0.039294786751270294 2199
1764024200157 0.028940320014953613 2209
1764024206127 0.03918573632836342 2219
1764024212107 0.02569250762462616 2229
1764024218067 0.022960681468248367 2239
1764024223606 0.0999719649553299 2249
1764024233328 0.04271974414587021 2259
1764024239291 0.040030136704444885 2269
1764024245280 0.04751519113779068 2279
1764024251248 0.03625614941120148 2289
1764024256747 0.06189095601439476 2299
1764024266130 0.03376701474189758 2309
1764024272115 0.038891952484846115 2319
1764024278146 0.03241833299398422 2329
1764024296354 0.032412976026535034 2339
1764024301893 0.07410427927970886 2349
1764024312109 0.03379766643047333 2359
1764024318080 0.032073818147182465 2369
1764024324036 0.033525578677654266 2379
1764024329978 0.029568450525403023 2389
1764024335530 0.038521908223629 2399
1764024344760 0.027495084330439568 2409
1764024350703 0.0249684676527977 2419
1764024356635 0.02364708110690117 2429
1764024362566 0.025530513375997543 2439
1764024368105 0.05301032215356827 2449
1764024377232 0.024356037378311157 2459
1764024383174 0.022715214639902115 2469
1764024389108 0.02294824831187725 2479
1764024395039 0.022985611110925674 2489
1764024400530 0.031417764723300934 2499
1764024409600 0.02191370353102684 2509
1764024415523 0.026457658037543297 2519
1764024421445 0.0211094431579113 2529
1764024427382 0.027290787547826767 2539
1764024432872 0.045407190918922424 2549
1764024441629 0.02115124836564064 2559
1764024447546 0.02130930870771408 2569
1764024453462 0.021970242261886597 2579
1764024459395 0.021520575508475304 2589
1764024464892 0.573588490486145 2599
1764024473891 0.12384010851383209 2609
1764025377803 0.12710487842559814 2619
1764025383779 0.1016593873500824 2629
1764025389728 0.11958065629005432 2639
1764025395238 0.2636154294013977 2649
1764025404319 0.08300867676734924 2659
1764025410276 0.07255704700946808 2669
1764025417023 0.053654856979846954 2679
1764025423561 0.05200105905532837 2689
1764025430497 0.06468182802200317 2699
1764025443671 0.0405653715133667 2709
1764025452088 0.038317374885082245 2719
1764025461001 0.0379958301782608 2729
1764025470235 0.03815581649541855 2739
1764025480057 0.10457833111286163 2749
1764025496866 0.04336492344737053 2759
1764025507814 0.031048642471432686 2769
1764025520778 0.02883283607661724 2779
1764025532580 0.0262669175863266 2789
1764025542896 0.6805782318115234 2799
1764025560367 0.1406560242176056 2809
1764025574952 0.07094286382198334 2819
1764025589359 0.06690531969070435 2829
1764025604504 0.06330713629722595 2839
1764025620853 0.1344161480665207 2849
1764025649843 0.03895565867424011 2859
1764025670027 0.05090280994772911 2869
1764025690016 0.03707470744848251 2879
1764025710015 0.03361678123474121 2889
1764025728601 0.04900255799293518 2899
1764025757731 0.04810052737593651 2909
1764025777733 0.030220601707696915 2919
1764025797800 0.03345278650522232 2929
1764025817891 0.031390849500894547 2939
1764025836367 0.07437193393707275 2949
1764025865317 0.029795203357934952 2959
1764025885327 0.03010464832186699 2969
1764025905325 0.024667903780937195 2979
1764025925298 0.02454451471567154 2989
1764025943756 0.04770197346806526 2999
1764025971401 0.02619776502251625 3009
1764025991279 0.02894623950123787 3019
1764026012521 0.02464008517563343 3029
1764026033043 0.029028352349996567 3039
1764026052383 0.028916049748659134 3049
1764026085174 0.032865121960639954 3059
1764026107908 0.02655053324997425 3069
1764026132632 0.025762852281332016 3079
1764026154480 0.02559635043144226 3089
1764026175252 0.0538518950343132 3099
1764026206691 0.02677374891936779 3109
1764026227283 0.027135230600833893 3119
1764026247558 0.02896617166697979 3129
1764026267208 0.026272375136613846 3139
1764026286489 0.5897612571716309 3149
1764026319469 0.16128011047840118 3159
1764026340198 0.06386534869670868 3169
1764026363990 0.048401474952697754 3179
1764026387907 0.04312869533896446 3189
1764026408288 0.07308253645896912 3199
1764026439656 0.04522024840116501 3209
1764026460173 0.04371558874845505 3219
1764026480318 0.061010297387838364 3229
1764026499204 0.03640616685152054 3239
1764026516190 0.041017185896635056 3249
1764026546308 0.029476836323738098 3259
1764026566224 0.02549133077263832 3269
1764026585771 0.029967913404107094 3279
1764026605674 0.030973020941019058 3289
1764026623421 0.07650810480117798 3299
1764026656393 0.02913132682442665 3309
1764026677291 0.025061538442969322 3319
1764026697322 0.023671261966228485 3329
1764026721123 0.02465810440480709 3339
1764026743426 0.04417700320482254 3349
1764026777488 0.023839164525270462 3359
1764026797627 0.02723686210811138 3369
1764026819772 0.023131154477596283 3379
1764026841034 0.02199314720928669 3389
1764026861061 0.0319044291973114 3399
1764026899898 0.031387828290462494 3409
1764026926509 0.028066303580999374 3419
1764026953662 0.023473095148801804 3429
1764026981296 0.019697420299053192 3439
1764027003268 0.065608449280262 3449
1764027041664 0.029640579596161842 3459
1764027069131 0.024685358628630638 3469
1764027092119 0.022088609635829926 3479
1764027118445 0.02083844132721424 3489
1764027142470 0.02967107482254505 3499
1764027180062 0.02356981672346592 3509
1764027203327 0.02129051275551319 3519
1764027223347 0.019748475402593613 3529
1764027243974 0.02078874409198761 3539
1764027261862 0.02908148057758808 3549
1764027291147 0.023006167262792587 3559
1764027311904 0.020367354154586792 3569
1764027333253 0.023685390129685402 3579
1764027353748 0.025035839527845383 3589
1764027373663 0.03239935636520386 3599
1764027404348 0.02112310379743576 3609
1764027425051 0.018819691613316536 3619
1764027444974 0.02601267583668232 3629
1764027465423 0.021941788494586945 3639
1764027484389 0.04927567020058632 3649
1764027517967 0.022043386474251747 3659
1764027538943 0.03284907341003418 3669
1764027559501 0.018993094563484192 3679
1764027581627 0.021910324692726135 3689
1764027601972 0.03705650195479393 3699
1764027633575 0.01918693445622921 3709
1764027653872 0.01814725622534752 3719
1764027673138 0.018422942608594894 3729
1764027694028 0.020402345806360245 3739
1764027712234 0.6594502329826355 3749
1764027743037 0.04608799144625664 3759
1764027764342 0.05238419026136398 3769
1764027787611 0.03148167207837105 3779
1764027808094 0.036075811833143234 3789
1764027826006 0.07247208058834076 3799
1764027856933 0.02842532843351364 3809
1764027879208 0.0246315598487854 3819
1764027902097 0.02204190380871296 3829
1764027925998 0.024227317422628403 3839
1764027945843 0.077946737408638 3849
1764027978665 0.025871459394693375 3859
1764027999933 0.022835049778223038 3869
1764028022040 0.024861417710781097 3879
1764028041892 0.02494349330663681 3889
1764028060126 0.052843235433101654 3899
1764028093467 0.02003081701695919 3909
1764028115652 0.027767710387706757 3919
1764028137245 0.024301519617438316 3929
1764028159378 0.02612425945699215 3939
1764028180815 0.024500664323568344 3949
1764028209044 0.022905204445123672 3959
1764028228450 0.019491029903292656 3969
1764028245869 0.021040312945842743 3979
1764028263201 0.02181754633784294 3989
1764028278745 0.04330381006002426 3999
