1764259771481 0.0 9
1764259774306 0.0 19
1764259777117 0.0 29
1764259779919 0.0 39
1764259782357 0.0 43
1764259784070 1.0 49
1764259786859 1.0 59
1764259789673 1.0 69
1764259792502 1.0 79
1764259795439 1.0 87
1764259796003 2.0 89
1764259798816 2.0 99
1764259801609 2.0 109
1764259804410 2.0 119
1764259807207 2.0 129
1764259808467 2.0 131
1764259810721 3.0 139
1764259813530 3.0 149
1764259816351 3.0 159
1764259819146 3.0 169
1764259821526 3.0 175
1764259822669 4.0 179
1764259825470 4.0 189
1764259828252 4.0 199
1764259831058 4.0 209
1764259833756 4.0 219
1764259834605 4.0 219
1764259837423 5.0 229
1764259840309 5.0 239
1764259843138 5.0 249
1764259845939 5.0 259
1764259847755 5.0 263
1764259849710 6.0 269
1764259852498 6.0 279
1764259855278 6.0 289
1764259858040 6.0 299
1764259860998 6.0 307
1764259861576 7.0 309
1764259864367 7.0 319
1764259867162 7.0 329
1764259869959 7.0 339
1764259872740 7.0 349
1764259873991 7.0 351
1764259876229 8.0 359
1764259879024 8.0 369
1764259881824 8.0 379
1764259884610 8.0 389
1764259887010 8.0 395
1764259888154 9.0 399
1764259890948 9.0 409
1764259893758 9.0 419
1764259896552 9.0 429
1764259899265 9.0 439
1764259900056 9.0 439
1764259902864 10.0 449
1764259905667 10.0 459
1764259908458 10.0 469
1764259911248 10.0 479
1764259913057 10.0 483
1764259914740 11.0 489
1764259917539 11.0 499
1764259920344 11.0 509
1764259923155 11.0 519
1764259926085 11.0 527
1764259926653 12.0 529
1764259929454 12.0 539
1764259932254 12.0 549
1764259935048 12.0 559
1764259937848 12.0 569
1764259939101 12.0 571
1764259941359 13.0 579
1764259944160 13.0 589
1764259946967 13.0 599
1764259949768 13.0 609
1764259952140 13.0 615
1764259953271 14.0 619
1764259956094 14.0 629
1764259958895 14.0 639
1764259961698 14.0 649
1764259964405 14.0 659
1764259965206 14.0 659
1764259968018 15.0 669
1764259970822 15.0 679
1764259973618 15.0 689
1764259976409 15.0 699
1764259978231 15.0 703
1764259979920 16.0 709
1764259982737 16.0 719
1764259985545 16.0 729
1764259988370 16.0 739
1764259991304 16.0 747
1764259991876 17.0 749
1764259994663 17.0 759
1764259997484 17.0 769
1764260000299 17.0 779
1764260003105 17.0 789
1764260004362 17.0 791
1764260006615 18.0 799
1764260009417 18.0 809
1764260012233 18.0 819
1764260015038 18.0 829
1764260017418 18.0 835
1764260018548 19.0 839
1764260021353 19.0 849
1764260024172 19.0 859
1764260026996 19.0 869
1764260029697 19.0 879
1764260030504 19.0 879
1764260033323 20.0 889
1764260036136 20.0 899
1764260038951 20.0 909
1764260041800 20.0 919
1764260043630 20.0 923
1764260045319 21.0 929
1764260048127 21.0 939
1764260050926 21.0 949
1764260053726 21.0 959
1764260056684 21.0 967
1764260057256 22.0 969
1764260060046 22.0 979
1764260062870 22.0 989
1764260065691 22.0 999
1764260068516 22.0 1009
1764260069776 22.0 1011
1764260072026 23.0 1019
1764260074831 23.0 1029
1764260077645 23.0 1039
1764260080456 23.0 1049
1764260082844 23.0 1055
1764260083971 24.0 1059
1764260086791 24.0 1069
1764260089582 24.0 1079
1764260092391 24.0 1089
1764260095107 24.0 1099
1764260095905 24.0 1099
1764260098701 25.0 1109
1764260101515 25.0 1119
1764260104317 25.0 1129
1764260107131 25.0 1139
1764260108957 25.0 1143
1764260110648 26.0 1149
1764260113446 26.0 1159
1764260116279 26.0 1169
1764260119082 26.0 1179
1764260122015 26.0 1187
1764260122588 27.0 1189
1764260125410 27.0 1199
1764260128216 27.0 1209
1764260131027 27.0 1219
1764260133834 27.0 1229
1764260135084 27.0 1231
1764260137334 28.0 1239
1764260140132 28.0 1249
1764260142935 28.0 1259
1764260145750 28.0 1269
1764260148126 28.0 1275
1764260149252 29.0 1279
1764260152063 29.0 1289
1764260154856 29.0 1299
1764260157665 29.0 1309
1764260160394 29.0 1319
1764260161189 29.0 1319
1764260163996 30.0 1329
1764260166818 30.0 1339
1764260169613 30.0 1349
1764260172412 30.0 1359
1764260174242 30.0 1363
1764260175934 31.0 1369
1764260178749 31.0 1379
1764260181558 31.0 1389
1764260184364 31.0 1399
1764260187311 31.0 1407
1764260187886 32.0 1409
1764260190690 32.0 1419
1764260193496 32.0 1429
1764260196304 32.0 1439
1764260199114 32.0 1449
1764260200378 32.0 1451
1764260202619 33.0 1459
1764260205428 33.0 1469
1764260208252 33.0 1479
1764260211045 33.0 1489
1764260213436 33.0 1495
1764260214572 34.0 1499
1764260217380 34.0 1509
1764260220173 34.0 1519
1764260222986 34.0 1529
1764260225709 34.0 1539
1764260226501 34.0 1539
1764260229322 35.0 1549
1764260232129 35.0 1559
1764260234937 35.0 1569
1764260237751 35.0 1579
1764260239586 35.0 1583
1764260241273 36.0 1589
1764260244079 36.0 1599
1764260246887 36.0 1609
1764260249709 36.0 1619
1764260252644 36.0 1627
1764260253217 37.0 1629
1764260256029 37.0 1639
1764260258833 37.0 1649
1764260261645 37.0 1659
1764260264479 37.0 1669
1764260265730 37.0 1671
1764260267976 38.0 1679
1764260270787 38.0 1689
1764260273596 38.0 1699
1764260276407 38.0 1709
1764260278792 38.0 1715
1764260279917 39.0 1719
1764260282723 39.0 1729
1764260285537 39.0 1739
1764260288351 39.0 1749
1764260291078 39.0 1759
1764260291873 39.0 1759
1764260294681 40.0 1769
1764260297489 40.0 1779
1764260300282 40.0 1789
1764260303090 40.0 1799
1764260304914 40.0 1803
1764260306615 41.0 1809
1764260309423 41.0 1819
1764260312235 41.0 1829
1764260315055 41.0 1839
1764260318006 41.0 1847
1764260318575 42.0 1849
1764260321395 42.0 1859
1764260324208 42.0 1869
1764260327013 42.0 1879
1764260329821 42.0 1889
1764260331092 42.0 1891
1764260333348 43.0 1899
1764260336153 43.0 1909
1764260338950 43.0 1919
1764260341753 43.0 1929
1764260344136 43.0 1935
1764260345263 44.0 1939
1764260348078 44.0 1949
1764260350884 44.0 1959
1764260353681 44.0 1969
1764260356422 44.0 1979
1764260357227 44.0 1979
1764260360040 45.0 1989
1764260362830 45.0 1999
1764260365654 45.0 2009
1764260368455 45.0 2019
1764260370283 45.0 2023
1764260371966 46.0 2029
1764260374773 46.0 2039
1764260377586 46.0 2049
1764260380387 46.0 2059
1764260383374 46.0 2067
1764260383945 47.0 2069
1764260386766 47.0 2079
1764260389568 47.0 2089
1764260392389 47.0 2099
1764260395208 47.0 2109
1764260396470 47.0 2111
1764260398731 48.0 2119
1764260401530 48.0 2129
1764260404314 48.0 2139
1764260407102 48.0 2149
1764260409510 48.0 2155
1764260410679 49.0 2159
1764260413513 49.0 2169
1764260416303 49.0 2179
1764260419085 49.0 2189
1764260421790 49.0 2199
1764260422594 49.0 2199
1764260425387 50.0 2209
1764260428172 50.0 2219
1764260430958 50.0 2229
1764260433745 50.0 2239
1764260435537 50.0 2243
1764260437215 51.0 2249
1764260439988 51.0 2259
1764260442772 51.0 2269
1764260445556 51.0 2279
1764260448737 51.0 2287
1764260449443 52.0 2289
1764260452249 52.0 2299
1764260455089 52.0 2309
1764260457908 52.0 2319
1764260460702 52.0 2329
1764260461961 52.0 2331
1764260464202 53.0 2339
1764260467000 53.0 2349
1764260469806 53.0 2359
1764260472617 53.0 2369
1764260474990 53.0 2375
1764260476118 54.0 2379
1764260478930 54.0 2389
1764260481729 54.0 2399
1764260484550 54.0 2409
1764260487269 54.0 2419
1764260488062 54.0 2419
1764260490872 55.0 2429
1764260493681 55.0 2439
1764260496486 55.0 2449
1764260499305 55.0 2459
1764260501118 55.0 2463
1764260502802 56.0 2469
1764260505610 56.0 2479
1764260508403 56.0 2489
1764260515471 56.0 2499
1764260519204 56.0 2507
1764260519860 57.0 2509
1764260559238 57.0 2519
1764260562037 57.0 2529
1764260564819 57.0 2539
1764260567626 57.0 2549
1764260568911 57.0 2551
1764260571613 58.0 2559
1764260575215 58.0 2569
1764260578063 58.0 2579
1764260580885 58.0 2589
1764260583770 58.0 2595
1764260586042 59.0 2599
1764260589639 59.0 2609
1764260592475 59.0 2619
1764260595717 59.0 2629
1764260600963 59.0 2639
1764260601891 59.0 2639
1764260604998 60.0 2649
1764260610122 60.0 2659
1764260613863 60.0 2669
1764260616983 60.0 2679
1764260621329 60.0 2683
1764260623698 61.0 2689
1764260627074 61.0 2699
1764260633301 61.0 2709
1764260636777 61.0 2719
1764260642584 61.0 2727
1764260643701 62.0 2729
1764260647356 62.0 2739
1764260653342 62.0 2749
1764260662123 62.0 2759
1764260670889 62.0 2769
1764260674883 62.0 2771
1764260682030 63.0 2779
1764260690935 63.0 2789
1764260699825 63.0 2799
1764260708703 63.0 2809
1764260716258 63.0 2815
1764260719824 64.0 2819
1764260728682 64.0 2829
1764260737526 64.0 2839
1764261710360 64.0 2849
1764261713065 64.0 2859
1764261713871 64.0 2859
1764261717585 65.0 2869
1764261720951 65.0 2879
1764261723757 65.0 2889
1764261726572 65.0 2899
1764261728362 65.0 2903
1764261730057 66.0 2909
1764261732820 66.0 2919
1764261735581 66.0 2929
1764261738394 66.0 2939
1764261741335 66.0 2947
1764261741912 67.0 2949
1764261744693 67.0 2959
1764261747427 67.0 2969
1764261750172 67.0 2979
1764261752909 67.0 2989
1764261754123 67.0 2991
1764261756328 68.0 2999
1764261759128 68.0 3009
1764261761872 68.0 3019
1764261764687 68.0 3029
1764261767001 68.0 3035
1764261768125 69.0 3039
1764261770958 69.0 3049
1764261773886 69.0 3059
1764261776931 69.0 3069
1764261779992 69.0 3079
1764261780845 69.0 3079
1764261783835 70.0 3089
1764261786824 70.0 3099
1764261790019 70.0 3109
1764261793352 70.0 3119
1764261795474 70.0 3123
1764261797386 71.0 3129
1764261800478 71.0 3139
1764261803918 71.0 3149
1764261807490 71.0 3159
1764261810809 71.0 3167
1764261811459 72.0 3169
1764261814954 72.0 3179
1764261818836 72.0 3189
1764261822227 72.0 3199
1764261825543 72.0 3209
1764261827236 72.0 3211
1764261830582 73.0 3219
1764261834012 73.0 3229
1764261837388 73.0 3239
1764261841872 73.0 3249
1764261844969 73.0 3255
1764261846342 74.0 3259
1764261850007 74.0 3269
1764261854757 74.0 3279
1764261858279 74.0 3289
1764261862075 74.0 3299
1764261863569 74.0 3299
1764261867874 75.0 3309
1764261871310 75.0 3319
1764261876611 75.0 3329
1764261880261 75.0 3339
1764261882579 75.0 3343
1764261886206 76.0 3349
1764261890425 76.0 3359
1764261894335 76.0 3369
1764261899894 76.0 3379
1764261903924 76.0 3387
1764261904840 77.0 3389
1764261910229 77.0 3399
1764261914033 77.0 3409
1764261920159 77.0 3419
1764261925812 77.0 3429
1764261928009 77.0 3431
1764261932040 78.0 3439
1764261936217 78.0 3449
1764261941061 78.0 3459
1764261945543 78.0 3469
1764261949288 78.0 3475
1764261951544 79.0 3479
1764261956245 79.0 3489
1764261960471 79.0 3499
1764262918248 79.0 3509
1764262922147 79.0 3519
1764262922946 79.0 3519
