1764259771481 0.8977562189102173 9
1764259774306 0.6329607367515564 19
1764259777117 0.6086416244506836 29
1764259779919 0.5565877556800842 39
1764259784070 0.5072391033172607 49
1764259786859 0.35920512676239014 59
1764259789673 0.29198238253593445 69
1764259792502 0.259637713432312 79
1764259796003 0.26607614755630493 89
1764259798816 0.19000886380672455 99
1764259801609 0.15471233427524567 109
1764259804410 0.16157633066177368 119
1764259807207 0.15362082421779633 129
1764259810721 0.11128729581832886 139
1764259813530 0.16433483362197876 149
1764259816351 0.10824991762638092 159
1764259819146 0.07371413707733154 169
1764259822669 0.08325374126434326 179
1764259825470 0.07353680580854416 189
1764259828252 0.09647156298160553 199
1764259831058 0.07299873977899551 209
1764259833756 0.06722112745046616 219
1764259837423 0.06382470577955246 229
1764259840309 0.07143709808588028 239
1764259843138 0.0653713271021843 249
1764259845939 0.12527191638946533 259
1764259849710 0.09147501736879349 269
1764259852498 0.060985811054706573 279
1764259855278 0.07727503776550293 289
1764259858040 0.050203822553157806 299
1764259861576 0.048628997057676315 309
1764259864367 0.048011504113674164 319
1764259867162 0.05122034251689911 329
1764259869959 0.04795262590050697 339
1764259872740 0.10099265724420547 349
1764259876229 0.05168442055583 359
1764259879024 0.05943604186177254 369
1764259881824 0.05965132638812065 379
1764259884610 0.04234195500612259 389
1764259888154 0.042791422456502914 399
1764259890948 0.03786817938089371 409
1764259893758 0.045102618634700775 419
1764259896552 0.038404952734708786 429
1764259899265 0.0462736040353775 439
1764259902864 0.04195409640669823 449
1764259905667 0.03771251067519188 459
1764259908458 0.03682398051023483 469
1764259911248 0.043623365461826324 479
1764259914740 0.06581950932741165 489
1764259917539 0.04189455509185791 499
1764259920344 0.0355418361723423 509
1764259923155 0.035819873213768005 519
1764259926653 0.035797834396362305 529
1764259929454 0.05192694440484047 539
1764259932254 0.035952821373939514 549
1764259935048 0.040212105959653854 559
1764259937848 0.06354302167892456 569
1764259941359 0.04358513280749321 579
1764259944160 0.033570874482393265 589
1764259946967 0.03997451066970825 599
1764259949768 0.0309275072067976 609
1764259953271 0.034023188054561615 619
1764259956094 0.03706702962517738 629
1764259958895 0.03664083778858185 639
1764259961698 0.030540285632014275 649
1764259964405 0.034996114671230316 659
1764259968018 0.03176115080714226 669
1764259970822 0.03434361144900322 679
1764259973618 0.04727194085717201 689
1764259976409 0.05384811386466026 699
1764259979920 0.046388477087020874 709
1764259982737 0.04187306761741638 719
1764259985545 0.0378405898809433 729
1764259988370 0.053262390196323395 739
1764259991876 0.039732594043016434 749
1764259994663 0.03282482177019119 759
1764259997484 0.03201757371425629 769
1764260000299 0.027873938903212547 779
1764260003105 0.02980804815888405 789
1764260006615 0.029820704832673073 799
1764260009417 0.05365772545337677 809
1764260012233 0.029995540156960487 819
1764260015038 0.033914029598236084 829
1764260018548 0.030068572610616684 839
1764260021353 0.02686455473303795 849
1764260024172 0.032498572021722794 859
1764260026996 0.03811618313193321 869
1764260029697 0.036834362894296646 879
1764260033323 0.02799089252948761 889
1764260036136 0.03411119058728218 899
1764260038951 0.032951753586530685 909
1764260041800 0.03512944281101227 919
1764260045319 0.028614649549126625 929
1764260048127 0.036266129463911057 939
1764260050926 0.03207017853856087 949
1764260053726 0.02886872924864292 959
1764260057256 0.02866395190358162 969
1764260060046 0.035556767135858536 979
1764260062870 0.039513055235147476 989
1764260065691 0.03294343128800392 999
1764260068516 0.030322890728712082 1009
1764260072026 0.035987451672554016 1019
1764260074831 0.027902167290449142 1029
1764260077645 0.028991371393203735 1039
1764260080456 0.02757735550403595 1049
1764260083971 0.030549870803952217 1059
1764260086791 0.02578187733888626 1069
1764260089582 0.025948913767933846 1079
1764260092391 0.027440253645181656 1089
1764260095107 0.04237859696149826 1099
1764260098701 0.047323938459157944 1109
1764260101515 0.027560561895370483 1119
1764260104317 0.025559838861227036 1129
1764260107131 0.06428788602352142 1139
1764260110648 0.030828149989247322 1149
1764260113446 0.026699960231781006 1159
1764260116279 0.033444784581661224 1169
1764260119082 0.03535113483667374 1179
1764260122588 0.033760443329811096 1189
1764260125410 0.027552224695682526 1199
1764260128216 0.03931041806936264 1209
1764260131027 0.03332671523094177 1219
1764260133834 0.06230555474758148 1229
1764260137334 0.026709165424108505 1239
1764260140132 0.028668588027358055 1249
1764260142935 0.030331335961818695 1259
1764260145750 0.030420832335948944 1269
1764260149252 0.031801737844944 1279
1764260152063 0.026085207238793373 1289
1764260154856 0.024987604469060898 1299
1764260157665 0.029849769547581673 1309
1764260160394 0.028432153165340424 1319
1764260163996 0.049927469342947006 1329
1764260166818 0.03878330439329147 1339
1764260169613 0.046476464718580246 1349
1764260172412 0.06904841214418411 1359
1764260175934 0.027086682617664337 1369
1764260178749 0.0256955586373806 1379
1764260181558 0.035036321729421616 1389
1764260184364 0.03136163949966431 1399
1764260187886 0.03166506439447403 1409
1764260190690 0.026993265375494957 1419
1764260193496 0.04133320599794388 1429
1764260196304 0.03807529807090759 1439
1764260199114 0.02806605026125908 1449
1764260202619 0.026268241927027702 1459
1764260205428 0.027704041451215744 1469
1764260208252 0.02528335526585579 1479
1764260211045 0.027818571776151657 1489
1764260214572 0.029266616329550743 1499
1764260217380 0.029157964512705803 1509
1764260220173 0.029712971299886703 1519
1764260222986 0.054132942110300064 1529
1764260225709 0.06728734076023102 1539
1764260229322 0.024992262944579124 1549
1764260232129 0.02592870593070984 1559
1764260234937 0.027489112690091133 1569
1764260237751 0.029703564941883087 1579
1764260241273 0.0407031774520874 1589
1764260244079 0.025641031563282013 1599
1764260246887 0.04151957109570503 1609
1764260249709 0.025358743965625763 1619
1764260253217 0.03532278910279274 1629
1764260256029 0.026687288656830788 1639
1764260258833 0.03029681369662285 1649
1764260261645 0.02809828706085682 1659
1764260264479 0.04830444976687431 1669
1764260267976 0.1005236953496933 1679
1764260270787 0.024702737107872963 1689
1764260273596 0.029608432203531265 1699
1764260276407 0.0258196908980608 1709
1764260279917 0.028591718524694443 1719
1764260282723 0.030429933220148087 1729
1764260285537 0.025265060365200043 1739
1764260288351 0.026550937443971634 1749
1764260291078 0.02887556329369545 1759
1764260294681 0.02452617883682251 1769
1764260297489 0.025749575346708298 1779
1764260300282 0.032459110021591187 1789
1764260303090 0.02562684193253517 1799
1764260306615 0.02619413658976555 1809
1764260309423 0.025274313986301422 1819
1764260312235 0.0543326810002327 1829
1764260315055 0.02488531544804573 1839
1764260318575 0.033215563744306564 1849
1764260321395 0.02575611136853695 1859
1764260324208 0.055452343076467514 1869
1764260327013 0.03621761500835419 1879
1764260329821 0.028139229863882065 1889
1764260333348 0.03327539190649986 1899
1764260336153 0.032758161425590515 1909
1764260338950 0.05044398829340935 1919
1764260341753 0.022709663957357407 1929
1764260345263 0.0390753373503685 1939
1764260348078 0.023158011958003044 1949
1764260350884 0.10915900021791458 1959
1764260353681 0.023385414853692055 1969
1764260356422 0.044605936855077744 1979
1764260360040 0.034327417612075806 1989
1764260362830 0.026498103514313698 1999
1764260365654 0.026517024263739586 2009
1764260368455 0.02319643460214138 2019
1764260371966 0.03361382335424423 2029
1764260374773 0.02610185742378235 2039
1764260377586 0.021715261042118073 2049
1764260380387 0.025664230808615685 2059
1764260383945 0.027747463434934616 2069
1764260386766 0.02305411919951439 2079
1764260389568 0.04016903042793274 2089
1764260392389 0.02279256470501423 2099
1764260395208 0.021918432787060738 2109
1764260398731 0.02408883534371853 2119
1764260401530 0.03407888859510422 2129
1764260404314 0.03474947065114975 2139
1764260407102 0.02612350322306156 2149
1764260410679 0.021581068634986877 2159
1764260413513 0.023356320336461067 2169
1764260416303 0.026455450803041458 2179
1764260419085 0.03011169098317623 2189
1764260421790 0.03962458670139313 2199
1764260425387 0.024370700120925903 2209
1764260428172 0.022424057126045227 2219
1764260430958 0.02763623557984829 2229
1764260433745 0.03623226284980774 2239
1764260437215 0.06378649175167084 2249
1764260439988 0.028719037771224976 2259
1764260442772 0.030755603685975075 2269
1764260445556 0.02647247537970543 2279
1764260449443 0.024571524932980537 2289
1764260452249 0.02773108333349228 2299
1764260455089 0.02458537369966507 2309
1764260457908 0.02406144142150879 2319
1764260460702 0.026402495801448822 2329
1764260464202 0.030612099915742874 2339
1764260467000 0.03484790772199631 2349
1764260469806 0.024079006165266037 2359
1764260472617 0.02642781473696232 2369
1764260476118 0.026405666023492813 2379
1764260478930 0.029144739732146263 2389
1764260481729 0.022749610245227814 2399
1764260484550 0.034146927297115326 2409
1764260487269 0.031476087868213654 2419
1764260490872 0.02696596086025238 2429
1764260493681 0.0262339748442173 2439
1764260496486 0.02532997354865074 2449
1764260499305 0.025834420695900917 2459
1764260502802 0.03474727272987366 2469
1764260505610 0.023453187197446823 2479
1764260508403 0.0670647993683815 2489
1764260515471 0.02166752703487873 2499
1764260519860 0.04090304300189018 2509
1764260559238 0.023809945210814476 2519
1764260562037 0.02174028381705284 2529
1764260564819 0.026201296597719193 2539
1764260567626 0.02592674270272255 2549
1764260571613 0.02414197288453579 2559
1764260575215 0.050005484372377396 2569
1764260578063 0.04074784740805626 2579
1764260580885 0.022337162867188454 2589
1764260586042 0.02209230326116085 2599
1764260589639 0.026475924998521805 2609
1764260592475 0.03360501676797867 2619
1764260595717 0.02224637009203434 2629
1764260600963 0.026686152443289757 2639
1764260604998 0.04267772659659386 2649
1764260610122 0.024745015427470207 2659
1764260613863 0.034986015409231186 2669
1764260616983 0.02156449295580387 2679
1764260623698 0.02833012118935585 2689
1764260627074 0.02548707090318203 2699
1764260633301 0.02537170797586441 2709
1764260636777 0.022203505039215088 2719
1764260643701 0.022552181035280228 2729
1764260647356 0.024310605600476265 2739
1764260653342 0.03173147514462471 2749
1764260662123 0.021818367764353752 2759
1764260670889 0.021716130897402763 2769
1764260682030 0.027358951047062874 2779
1764260690935 0.03184119611978531 2789
1764260699825 0.022574560716748238 2799
1764260708703 0.03502771630883217 2809
1764260719824 0.06691315025091171 2819
1764260728682 0.022298330441117287 2829
1764260737526 0.05404598265886307 2839
1764261710360 0.024160370230674744 2849
1764261713065 0.027314994484186172 2859
1764261717585 0.02269332855939865 2869
1764261720951 0.023014798760414124 2879
1764261723757 0.023056896403431892 2889
1764261726572 0.023998750373721123 2899
1764261730057 0.02817072905600071 2909
1764261732820 0.02156025357544422 2919
1764261735581 0.02534489519894123 2929
1764261738394 0.024108359590172768 2939
1764261741912 0.02231634594500065 2949
1764261744693 0.023356357589364052 2959
1764261747427 0.021671058610081673 2969
1764261750172 0.02212398312985897 2979
1764261752909 0.02693859487771988 2989
1764261756328 0.044754594564437866 2999
1764261759128 0.02853102795779705 3009
1764261761872 0.023442953824996948 3019
1764261764687 0.030824044719338417 3029
1764261768125 0.02285149320960045 3039
1764261770958 0.04042034596204758 3049
1764261773886 0.02175062522292137 3059
1764261776931 0.04305638000369072 3069
1764261779992 0.024378221482038498 3079
1764261783835 0.02206386812031269 3089
1764261786824 0.0425233356654644 3099
1764261790019 0.02367359586060047 3109
1764261793352 0.02361275814473629 3119
1764261797386 0.02303372696042061 3129
1764261800478 0.024026649072766304 3139
1764261803918 0.02482072077691555 3149
1764261807490 0.024887066334486008 3159
1764261811459 0.026749717071652412 3169
1764261814954 0.035769615322351456 3179
1764261818836 0.024351265281438828 3189
1764261822227 0.028883054852485657 3199
1764261825543 0.03126801550388336 3209
1764261830582 0.022620894014835358 3219
1764261834012 0.02118082158267498 3229
1764261837388 0.028163354843854904 3239
1764261841872 0.03674042224884033 3249
1764261846342 0.022569894790649414 3259
1764261850007 0.027266843244433403 3269
1764261854757 0.02221005968749523 3279
1764261858279 0.02070721983909607 3289
1764261862075 0.024123329669237137 3299
1764261867874 0.024117153137922287 3309
1764261871310 0.027318524196743965 3319
1764261876611 0.03592735901474953 3329
1764261880261 0.023033032193779945 3339
1764261886206 0.022206319496035576 3349
1764261890425 0.05771295726299286 3359
1764261894335 0.05208064988255501 3369
1764261899894 0.03974021226167679 3379
1764261904840 0.02631239779293537 3389
1764261910229 0.0242516677826643 3399
1764261914033 0.022470762953162193 3409
1764261920159 0.02183290384709835 3419
1764261925812 0.04040446877479553 3429
1764261932040 0.04105468839406967 3439
1764261936217 0.031178545206785202 3449
1764261941061 0.029790792614221573 3459
1764261945543 0.02179628424346447 3469
1764261951544 0.027282221242785454 3479
1764261956245 0.048526518046855927 3489
1764261960471 0.03259916231036186 3499
1764262918248 0.03178843483328819 3509
1764262922147 0.03384438157081604 3519
