1764255697653 0.0 9
1764255700469 0.0 19
1764255703264 0.0 29
1764255706059 0.0 39
1764255708404 0.0 43
1764255710146 1.0 49
1764255712945 1.0 59
1764255715739 1.0 69
1764255718561 1.0 79
1764255721557 1.0 87
1764255722149 2.0 89
1764255725016 2.0 99
1764255727880 2.0 109
1764255730709 2.0 119
1764255733512 2.0 129
1764255734771 2.0 131
1764255737024 3.0 139
1764255739806 3.0 149
1764255742619 3.0 159
1764255745428 3.0 169
1764255747776 3.0 175
1764255748928 4.0 179
1764255751724 4.0 189
1764255754510 4.0 199
1764255757306 4.0 209
1764255760012 4.0 219
1764255760830 4.0 219
1764255763623 5.0 229
1764255766429 5.0 239
1764255769225 5.0 249
1764255772046 5.0 259
1764255773865 5.0 263
1764255775580 6.0 269
1764255778363 6.0 279
1764255781238 6.0 289
1764255784045 6.0 299
1764255787616 6.0 307
1764255788293 7.0 309
1764255791121 7.0 319
1764255793920 7.0 329
1764255796718 7.0 339
1764255799505 7.0 349
1764255800771 7.0 351
1764255803035 8.0 359
1764255805819 8.0 369
1764255808631 8.0 379
1764255811465 8.0 389
1764255813862 8.0 395
1764255814990 9.0 399
1764255817791 9.0 409
1764255820568 9.0 419
1764255823368 9.0 429
1764255826077 9.0 439
1764255826981 9.0 439
1764255829774 10.0 449
1764255832597 10.0 459
1764255835400 10.0 469
1764255838207 10.0 479
1764255840028 10.0 483
1764255841741 11.0 489
1764255844543 11.0 499
1764255847373 11.0 509
1764255850175 11.0 519
1764255853140 11.0 527
1764255853718 12.0 529
1764255856536 12.0 539
1764255859329 12.0 549
1764255862127 12.0 559
1764255864958 12.0 569
1764255866216 12.0 571
1764255868501 13.0 579
1764255871273 13.0 589
1764255874052 13.0 599
1764255876841 13.0 609
1764255879188 13.0 615
1764255880328 14.0 619
1764255883099 14.0 629
1764255885871 14.0 639
1764255888655 14.0 649
1764255891557 14.0 659
1764255892357 14.0 659
1764255895197 15.0 669
1764255897989 15.0 679
1764255900774 15.0 689
1764255903578 15.0 699
1764255905413 15.0 703
1764255907145 16.0 709
1764255909928 16.0 719
1764255912713 16.0 729
1764255915508 16.0 739
1764255918456 16.0 747
1764255919045 17.0 749
1764255921831 17.0 759
1764255924626 17.0 769
1764255927399 17.0 779
1764255930194 17.0 789
1764255931462 17.0 791
1764255933702 18.0 799
1764255936500 18.0 809
1764255939286 18.0 819
1764255942085 18.0 829
1764255944458 18.0 835
1764255945587 19.0 839
1764255948365 19.0 849
1764255951156 19.0 859
1764255953932 19.0 869
1764255956668 19.0 879
1764255957488 19.0 879
1764255960328 20.0 889
1764255963134 20.0 899
1764255965938 20.0 909
1764255968720 20.0 919
1764255970533 20.0 923
1764255972230 21.0 929
1764255975033 21.0 939
1764255977894 21.0 949
1764255980742 21.0 959
1764255983694 21.0 967
1764255984293 22.0 969
1764255987173 22.0 979
1764255989979 22.0 989
1764255992792 22.0 999
1764255995603 22.0 1009
1764255996882 22.0 1011
1764255999144 23.0 1019
1764256001945 23.0 1029
1764256004747 23.0 1039
1764256007553 23.0 1049
1764256009921 23.0 1055
1764256011055 24.0 1059
1764256013866 24.0 1069
1764256016672 24.0 1079
1764256019477 24.0 1089
1764256022194 24.0 1099
1764256022995 24.0 1099
1764256025800 25.0 1109
1764256028607 25.0 1119
1764256031401 25.0 1129
1764256034280 25.0 1139
1764256036100 25.0 1143
1764256037802 26.0 1149
1764256040604 26.0 1159
1764256043412 26.0 1169
1764256046211 26.0 1179
1764256049232 26.0 1187
1764256049891 27.0 1189
1764256052679 27.0 1199
1764256055489 27.0 1209
1764256058290 27.0 1219
1764256061101 27.0 1229
1764256062357 27.0 1231
1764256064625 28.0 1239
1764256067444 28.0 1249
1764256070267 28.0 1259
1764256073109 28.0 1269
1764256075515 28.0 1275
1764256076650 29.0 1279
1764256079544 29.0 1289
1764256082361 29.0 1299
1764256085231 29.0 1309
1764256087951 29.0 1319
1764256088761 29.0 1319
1764256091588 30.0 1329
1764256094408 30.0 1339
1764256097232 30.0 1349
1764256100048 30.0 1359
1764256102149 30.0 1363
1764256103882 31.0 1369
1764256106683 31.0 1379
1764256109698 31.0 1389
1764256112502 31.0 1399
1764256115567 31.0 1407
1764256116176 32.0 1409
1764256118998 32.0 1419
1764256121811 32.0 1429
1764256124605 32.0 1439
1764256127416 32.0 1449
1764256128669 32.0 1451
1764256130938 33.0 1459
1764256133788 33.0 1469
1764256136668 33.0 1479
1764256139477 33.0 1489
1764256141881 33.0 1495
1764256143002 34.0 1499
1764256145811 34.0 1509
1764256148608 34.0 1519
1764256151425 34.0 1529
1764256154125 34.0 1539
1764256154911 34.0 1539
