1764255697653 0.8495402932167053 9
1764255700469 0.5637405514717102 19
1764255703264 0.47912880778312683 29
1764255706059 0.43417230248451233 39
1764255710146 0.34665900468826294 49
1764255712945 0.2290426343679428 59
1764255715739 0.21994087100028992 69
1764255718561 0.2133360505104065 79
1764255722149 0.21529541909694672 89
1764255725016 0.16538085043430328 99
1764255727880 0.1401563286781311 109
1764255730709 0.1394100934267044 119
1764255733512 0.14202627539634705 129
1764255737024 0.1073601096868515 139
1764255739806 0.14838890731334686 149
1764255742619 0.09311767667531967 159
1764255745428 0.07164859771728516 169
1764255748928 0.07934047281742096 179
1764255751724 0.06330670416355133 189
1764255754510 0.08083604276180267 199
1764255757306 0.06178939342498779 209
1764255760012 0.06077392026782036 219
1764255763623 0.05742662400007248 229
1764255766429 0.06740862876176834 239
1764255769225 0.059822872281074524 249
1764255772046 0.11617100238800049 259
1764255775580 0.08071436733007431 269
1764255778363 0.058142948895692825 279
1764255781238 0.07393467426300049 289
1764255784045 0.04547210410237312 299
1764255788293 0.046773187816143036 309
1764255791121 0.04910632595419884 319
1764255793920 0.04800550639629364 329
1764255796718 0.04560969024896622 339
1764255799505 0.09176675975322723 349
1764255803035 0.047380197793245316 359
1764255805819 0.05693626031279564 369
1764255808631 0.058190200477838516 379
1764255811465 0.0388973206281662 389
1764255814990 0.03978865221142769 399
1764255817791 0.03536517173051834 409
1764255820568 0.041343364864587784 419
1764255823368 0.03508121147751808 429
1764255826077 0.04236038029193878 439
1764255829774 0.040111999958753586 449
1764255832597 0.03355409577488899 459
1764255835400 0.035593945533037186 469
1764255838207 0.04263312369585037 479
1764255841741 0.06290130317211151 489
1764255844543 0.03822790086269379 499
1764255847373 0.03203561156988144 509
1764255850175 0.034351181238889694 519
1764255853718 0.034860048443078995 529
1764255856536 0.050346869975328445 539
1764255859329 0.032246313989162445 549
1764255862127 0.036352284252643585 559
1764255864958 0.06277365237474442 569
1764255868501 0.04475477337837219 579
1764255871273 0.03201119601726532 589
1764255874052 0.03588562458753586 599
1764255876841 0.028220554813742638 609
1764255880328 0.031753651797771454 619
1764255883099 0.03551069647073746 629
1764255885871 0.03342030197381973 639
1764255888655 0.02893732860684395 649
1764255891557 0.03350665047764778 659
1764255895197 0.02959229052066803 669
1764255897989 0.03179256618022919 679
1764255900774 0.047703489661216736 689
1764255903578 0.052601251751184464 699
1764255907145 0.04338876157999039 709
1764255909928 0.040199752897024155 719
1764255912713 0.03617235645651817 729
1764255915508 0.050232794135808945 739
1764255919045 0.03779105469584465 749
1764255921831 0.030359260737895966 759
1764255924626 0.029813162982463837 769
1764255927399 0.02596191130578518 779
1764255930194 0.02788325771689415 789
1764255933702 0.027348365634679794 799
1764255936500 0.053613223135471344 809
1764255939286 0.026182619854807854 819
1764255942085 0.03219033405184746 829
1764255945587 0.029046235606074333 839
1764255948365 0.02615048922598362 849
1764255951156 0.03172730281949043 859
1764255953932 0.03620924428105354 869
1764255956668 0.03454563394188881 879
1764255960328 0.025799915194511414 889
1764255963134 0.032347172498703 899
1764255965938 0.03121914714574814 909
1764255968720 0.033656295388936996 919
1764255972230 0.027020037174224854 929
1764255975033 0.033773865550756454 939
1764255977894 0.02873493731021881 949
1764255980742 0.026411188766360283 959
1764255984293 0.026792166754603386 969
1764255987173 0.03275349736213684 979
1764255989979 0.0374138243496418 989
1764255992792 0.02980152517557144 999
1764255995603 0.029051778838038445 1009
1764255999144 0.03495651111006737 1019
1764256001945 0.025313206017017365 1029
1764256004747 0.026951657608151436 1039
1764256007553 0.02687365747988224 1049
1764256011055 0.02831616997718811 1059
1764256013866 0.02476624958217144 1069
1764256016672 0.023863650858402252 1079
1764256019477 0.02457093633711338 1089
1764256022194 0.038414422422647476 1099
1764256025800 0.04584900662302971 1109
1764256028607 0.026066064834594727 1119
1764256031401 0.02298758178949356 1129
1764256034280 0.06207951903343201 1139
1764256037802 0.02847088873386383 1149
1764256040604 0.025073789060115814 1159
1764256043412 0.031004490330815315 1169
1764256046211 0.033766042441129684 1179
1764256049891 0.030979692935943604 1189
1764256052679 0.024536410346627235 1199
1764256055489 0.03793349489569664 1209
1764256058290 0.030551766976714134 1219
1764256061101 0.06196506321430206 1229
1764256064625 0.025574129074811935 1239
1764256067444 0.026488283649086952 1249
1764256070267 0.027312396094202995 1259
1764256073109 0.028799258172512054 1269
1764256076650 0.031143497675657272 1279
1764256079544 0.026123259216547012 1289
1764256082361 0.0245515126734972 1299
1764256085231 0.028098950162529945 1309
1764256087951 0.027415940538048744 1319
1764256091588 0.047044526785612106 1329
1764256094408 0.03658986836671829 1339
1764256097232 0.04597588628530502 1349
1764256100048 0.06629890203475952 1359
1764256103882 0.025305863469839096 1369
1764256106683 0.023424966260790825 1379
1764256109698 0.03328276053071022 1389
1764256112502 0.029326481744647026 1399
1764256116176 0.02991197630763054 1409
1764256118998 0.024762846529483795 1419
1764256121811 0.039565205574035645 1429
1764256124605 0.03513234481215477 1439
1764256127416 0.025988828390836716 1449
1764256130938 0.024631645530462265 1459
1764256133788 0.026639152318239212 1469
1764256136668 0.023437704890966415 1479
1764256139477 0.026272758841514587 1489
1764256143002 0.028064360842108727 1499
1764256145811 0.027306707575917244 1509
1764256148608 0.02683212049305439 1519
1764256151425 0.05155007168650627 1529
1764256154125 0.06457088142633438 1539
