1764250135760 0.0 9
1764250138679 0.0 19
1764250141547 0.0 29
1764250144377 0.0 39
1764250147095 0.0 43
1764250148850 1.0 49
1764250151706 1.0 59
1764250154540 1.0 69
1764250157445 1.0 79
1764250160446 1.0 87
1764250161058 2.0 89
1764250163887 2.0 99
1764250166737 2.0 109
1764250169645 2.0 119
1764250172481 2.0 129
1764250173791 2.0 131
1764250176102 3.0 139
1764250179037 3.0 149
1764250181898 3.0 159
1764250184773 3.0 169
1764250187227 3.0 175
1764250188392 4.0 179
1764250191320 4.0 189
1764250194170 4.0 199
1764250197127 4.0 209
1764250199908 4.0 219
1764250200752 4.0 219
1764250203618 5.0 229
1764250206468 5.0 239
1764250209302 5.0 249
1764250212180 5.0 259
1764250214049 5.0 263
1764250215757 6.0 269
1764250218651 6.0 279
1764250221511 6.0 289
1764250224317 6.0 299
1764250227306 6.0 307
1764250227893 7.0 309
1764250230712 7.0 319
1764250233534 7.0 329
1764250236359 7.0 339
1764250239207 7.0 349
1764250240505 7.0 351
1764250242794 8.0 359
1764250245685 8.0 369
1764250248609 8.0 379
1764250251554 8.0 389
1764250253948 8.0 395
1764250255103 9.0 399
1764250257986 9.0 409
1764250260873 9.0 419
1764250263719 9.0 429
1764250266542 9.0 439
1764250267366 9.0 439
1764250270242 10.0 449
1764250273073 10.0 459
1764250275975 10.0 469
1764250278877 10.0 479
1764250280768 10.0 483
1764250282488 11.0 489
1764250285323 11.0 499
1764250288222 11.0 509
1764250291098 11.0 519
1764250294087 11.0 527
1764250294677 12.0 529
1764250297563 12.0 539
1764250300409 12.0 549
1764250303250 12.0 559
1764250306096 12.0 569
1764250307393 12.0 571
1764250309702 13.0 579
1764250312538 13.0 589
1764250315366 13.0 599
1764250318242 13.0 609
1764250320709 13.0 615
1764250321844 14.0 619
1764250324695 14.0 629
1764250327562 14.0 639
1764250330425 14.0 649
1764250333213 14.0 659
1764250334055 14.0 659
1764250336971 15.0 669
1764250339840 15.0 679
1764250342673 15.0 689
1764250345498 15.0 699
1764250347363 15.0 703
1764250349101 16.0 709
1764250351937 16.0 719
1764250354783 16.0 729
1764250357670 16.0 739
1764250360675 16.0 747
1764250361269 17.0 749
1764250364105 17.0 759
1764250366999 17.0 769
1764250369909 17.0 779
1764250372767 17.0 789
1764250374031 17.0 791
1764250376336 18.0 799
1764250379196 18.0 809
1764250382045 18.0 819
1764250384900 18.0 829
1764250387335 18.0 835
1764250388513 19.0 839
1764250391363 19.0 849
1764250394206 19.0 859
1764250397129 19.0 869
1764250399918 19.0 879
1764250400741 19.0 879
1764250403541 20.0 889
1764250406405 20.0 899
1764250409338 20.0 909
1764250412193 20.0 919
1764250414051 20.0 923
1764250415756 21.0 929
1764250418649 21.0 939
1764250421516 21.0 949
1764250424370 21.0 959
1764250427408 21.0 967
1764250428056 22.0 969
1764250430951 22.0 979
1764250433769 22.0 989
1764250436635 22.0 999
1764250439516 22.0 1009
1764250440816 22.0 1011
1764250443081 23.0 1019
1764250445958 23.0 1029
1764250448832 23.0 1039
1764250451703 23.0 1049
1764250454091 23.0 1055
1764250455265 24.0 1059
1764250458157 24.0 1069
1764250461050 24.0 1079
1764250463898 24.0 1089
1764250466676 24.0 1099
1764250467520 24.0 1099
1764250470391 25.0 1109
1764250473242 25.0 1119
1764250476110 25.0 1129
1764250478992 25.0 1139
1764250480871 25.0 1143
1764250482622 26.0 1149
1764250485511 26.0 1159
1764250488421 26.0 1169
1764250491378 26.0 1179
1764250494341 26.0 1187
1764250494927 27.0 1189
1764250497836 27.0 1199
1764250500720 27.0 1209
1764250503576 27.0 1219
1764250506509 27.0 1229
1764250507900 27.0 1231
1764250510318 28.0 1239
1764250513191 28.0 1249
1764250516129 28.0 1259
1764250519053 28.0 1269
1764250521547 28.0 1275
1764250522726 29.0 1279
1764250525610 29.0 1289
1764250528567 29.0 1299
1764250531420 29.0 1309
1764250534194 29.0 1319
1764250534990 29.0 1319
1764250537858 30.0 1329
1764250540681 30.0 1339
1764250543574 30.0 1349
1764250546431 30.0 1359
1764250548337 30.0 1363
1764250550050 31.0 1369
1764250552895 31.0 1379
1764250555741 31.0 1389
1764250558585 31.0 1399
1764250561566 31.0 1407
1764250562146 32.0 1409
1764250564970 32.0 1419
1764250567849 32.0 1429
1764250571062 32.0 1439
1764250573903 32.0 1449
1764250575222 32.0 1451
1764250577491 33.0 1459
1764250580326 33.0 1469
1764250583161 33.0 1479
1764250585984 33.0 1489
1764250588378 33.0 1495
1764250589519 34.0 1499
1764250592348 34.0 1509
1764250595171 34.0 1519
1764250597986 34.0 1529
1764250600782 34.0 1539
1764250601599 34.0 1539
1764250604447 35.0 1549
1764250607296 35.0 1559
1764250610147 35.0 1569
1764250613058 35.0 1579
1764250614925 35.0 1583
1764250616651 36.0 1589
1764250619509 36.0 1599
1764250622377 36.0 1609
1764250625156 36.0 1619
1764250628061 36.0 1627
1764250628652 37.0 1629
1764250631477 37.0 1639
1764250634326 37.0 1649
1764250637178 37.0 1659
1764250640017 37.0 1669
1764250641343 37.0 1671
1764250643641 38.0 1679
1764250646424 38.0 1689
1764250649179 38.0 1699
1764250652024 38.0 1709
1764250654527 38.0 1715
1764250655705 39.0 1719
1764250658562 39.0 1729
1764250661368 39.0 1739
1764250664196 39.0 1749
1764250666993 39.0 1759
1764250667795 39.0 1759
1764250670646 40.0 1769
1764250673474 40.0 1779
1764250676271 40.0 1789
1764250679114 40.0 1799
1764250680982 40.0 1803
1764250682682 41.0 1809
1764250685527 41.0 1819
1764250688340 41.0 1829
1764250691128 41.0 1839
1764250694095 41.0 1847
1764250694685 42.0 1849
1764250697512 42.0 1859
1764250700337 42.0 1869
1764250703149 42.0 1879
1764250706025 42.0 1889
1764250707348 42.0 1891
1764250709690 43.0 1899
1764250712541 43.0 1909
1764250715409 43.0 1919
1764250718249 43.0 1929
1764250720621 43.0 1935
1764250721753 44.0 1939
1764250724610 44.0 1949
1764250727438 44.0 1959
1764250730293 44.0 1969
1764250733057 44.0 1979
1764250733838 44.0 1979
1764250736705 45.0 1989
1764250739566 45.0 1999
1764250742442 45.0 2009
1764250745301 45.0 2019
1764250747152 45.0 2023
1764250748858 46.0 2029
1764250751699 46.0 2039
1764250754544 46.0 2049
1764250757392 46.0 2059
1764250760374 46.0 2067
1764250760959 47.0 2069
1764250763834 47.0 2079
1764250766694 47.0 2089
1764250769545 47.0 2099
1764250772409 47.0 2109
1764250773695 47.0 2111
1764250775971 48.0 2119
1764250778832 48.0 2129
1764250781668 48.0 2139
1764250784492 48.0 2149
1764250786926 48.0 2155
1764250788075 49.0 2159
1764250790959 49.0 2169
1764250793864 49.0 2179
1764250796734 49.0 2189
1764250799505 49.0 2199
1764250800329 49.0 2199
1764250803168 50.0 2209
1764250806007 50.0 2219
1764250808839 50.0 2229
1764250811708 50.0 2239
1764250813548 50.0 2243
1764250815312 51.0 2249
1764250818156 51.0 2259
1764250821014 51.0 2269
1764250823874 51.0 2279
1764250826902 51.0 2287
