1764250135760 0.8309405446052551 9
1764250138679 0.5274783372879028 19
1764250141547 0.4354689121246338 29
1764250144377 0.39773041009902954 39
1764250148850 0.3195840120315552 49
1764250151706 0.19944797456264496 59
1764250154540 0.18947456777095795 69
1764250157445 0.2101990282535553 79
1764250161058 0.19153621792793274 89
1764250163887 0.15454377233982086 99
1764250166737 0.1442766636610031 109
1764250169645 0.1368284821510315 119
1764250172481 0.1357446163892746 129
1764250176102 0.1022479385137558 139
1764250179037 0.14485161006450653 149
1764250181898 0.09006955474615097 159
1764250184773 0.07701081782579422 169
1764250188392 0.08129283785820007 179
1764250191320 0.06493695080280304 189
1764250194170 0.07973609864711761 199
1764250197127 0.061394404619932175 209
1764250199908 0.060139164328575134 219
1764250203618 0.056032657623291016 229
1764250206468 0.06887824088335037 239
1764250209302 0.06140480563044548 249
1764250212180 0.11520340293645859 259
1764250215757 0.07981935143470764 269
1764250218651 0.05775967985391617 279
1764250221511 0.076413594186306 289
1764250224317 0.045709434896707535 299
1764250227893 0.047019992023706436 309
1764250230712 0.048543259501457214 319
1764250233534 0.05065859854221344 329
1764250236359 0.04539752006530762 339
1764250239207 0.09545320272445679 349
1764250242794 0.04868953675031662 359
1764250245685 0.05764380842447281 369
1764250248609 0.05884242802858353 379
1764250251554 0.03811027109622955 389
1764250255103 0.039751842617988586 399
1764250257986 0.03498349338769913 409
1764250260873 0.041021838784217834 419
1764250263719 0.0335397943854332 429
1764250266542 0.0444064699113369 439
1764250270242 0.038905855268239975 449
1764250273073 0.03429533913731575 459
1764250275975 0.03702324256300926 469
1764250278877 0.04309290647506714 479
1764250282488 0.062048956751823425 489
1764250285323 0.03719458729028702 499
1764250288222 0.031641315668821335 509
1764250291098 0.033715587109327316 519
1764250294677 0.03548785671591759 529
1764250297563 0.049290530383586884 539
1764250300409 0.032575543969869614 549
1764250303250 0.035240091383457184 559
1764250306096 0.06020373851060867 569
1764250309702 0.04106230288743973 579
1764250312538 0.03113645315170288 589
1764250315366 0.03413175046443939 599
1764250318242 0.027985773980617523 609
1764250321844 0.03225835785269737 619
1764250324695 0.03422938287258148 629
1764250327562 0.03340412303805351 639
1764250330425 0.02877800539135933 649
1764250333213 0.032354455441236496 659
1764250336971 0.029567338526248932 669
1764250339840 0.031577546149492264 679
1764250342673 0.04793712869286537 689
1764250345498 0.05202414095401764 699
1764250349101 0.04209665581583977 709
1764250351937 0.038013193756341934 719
1764250354783 0.03712960705161095 729
1764250357670 0.04950046166777611 739
1764250361269 0.037352535873651505 749
1764250364105 0.03042973205447197 759
1764250366999 0.028529630973935127 769
1764250369909 0.025612926110625267 779
1764250372767 0.027349719777703285 789
1764250376336 0.027319500222802162 799
1764250379196 0.05168764293193817 809
1764250382045 0.027378393337130547 819
1764250384900 0.03209107369184494 829
1764250388513 0.02796453982591629 839
1764250391363 0.02532864920794964 849
1764250394206 0.031163224950432777 859
1764250397129 0.03628665581345558 869
1764250399918 0.03328796848654747 879
1764250403541 0.025862770155072212 889
1764250406405 0.031590934842824936 899
1764250409338 0.03136158362030983 909
1764250412193 0.03405684605240822 919
1764250415756 0.026149651035666466 929
1764250418649 0.03292560204863548 939
1764250421516 0.02881867252290249 949
1764250424370 0.028190573677420616 959
1764250428056 0.02747141197323799 969
1764250430951 0.033299222588539124 979
1764250433769 0.03797755390405655 989
1764250436635 0.03059275448322296 999
1764250439516 0.029014594852924347 1009
1764250443081 0.03576197475194931 1019
1764250445958 0.02557000145316124 1029
1764250448832 0.027419865131378174 1039
1764250451703 0.027029523625969887 1049
1764250455265 0.028403950855135918 1059
1764250458157 0.02548774890601635 1069
1764250461050 0.024364106357097626 1079
1764250463898 0.025125058367848396 1089
1764250466676 0.038298893719911575 1099
1764250470391 0.04696151986718178 1109
1764250473242 0.02559499442577362 1119
1764250476110 0.02395709790289402 1129
1764250478992 0.06186306104063988 1139
1764250482622 0.02825663797557354 1149
1764250485511 0.025383800268173218 1159
1764250488421 0.03085990995168686 1169
1764250491378 0.03281519189476967 1179
1764250494927 0.03113197349011898 1189
1764250497836 0.025293074548244476 1199
1764250500720 0.03691904619336128 1209
1764250503576 0.030855903401970863 1219
1764250506509 0.06195104867219925 1229
1764250510318 0.025767799466848373 1239
1764250513191 0.026087040081620216 1249
1764250516129 0.027909837663173676 1259
1764250519053 0.029324358329176903 1269
1764250522726 0.03029925376176834 1279
1764250525610 0.02475503832101822 1289
1764250528567 0.02344878576695919 1299
1764250531420 0.027914533391594887 1309
1764250534194 0.025688346475362778 1319
1764250537858 0.04637603834271431 1329
1764250540681 0.03616560623049736 1339
1764250543574 0.04529047757387161 1349
1764250546431 0.06623657047748566 1359
1764250550050 0.025371380150318146 1369
1764250552895 0.02310953289270401 1379
1764250555741 0.032862816005945206 1389
1764250558585 0.029596157371997833 1399
1764250562146 0.02973453886806965 1409
1764250564970 0.02472461201250553 1419
1764250567849 0.03936941549181938 1429
1764250571062 0.0353764072060585 1439
1764250573903 0.0266626738011837 1449
1764250577491 0.024377597495913506 1459
1764250580326 0.02619624324142933 1469
1764250583161 0.02335365302860737 1479
1764250585984 0.025750553235411644 1489
1764250589519 0.028038980439305305 1499
1764250592348 0.026958022266626358 1509
1764250595171 0.026996588334441185 1519
1764250597986 0.05159948766231537 1529
1764250600782 0.06569549441337585 1539
1764250604447 0.02331162616610527 1549
1764250607296 0.02433873526751995 1559
1764250610147 0.027257278561592102 1569
1764250613058 0.028900137171149254 1579
1764250616651 0.04020506888628006 1589
1764250619509 0.022265015169978142 1599
1764250622377 0.03937767818570137 1609
1764250625156 0.02391568198800087 1619
1764250628652 0.03235602751374245 1629
1764250631477 0.02553010731935501 1639
1764250634326 0.0283111073076725 1649
1764250637178 0.026782354339957237 1659
1764250640017 0.04695534333586693 1669
1764250643641 0.09781911969184875 1679
1764250646424 0.022190552204847336 1689
1764250649179 0.027811385691165924 1699
1764250652024 0.02393900603055954 1709
1764250655705 0.026776527985930443 1719
1764250658562 0.030053336173295975 1729
1764250661368 0.02417251095175743 1739
1764250664196 0.025618745014071465 1749
1764250666993 0.02810613065958023 1759
1764250670646 0.022521615028381348 1769
1764250673474 0.024274053052067757 1779
1764250676271 0.03127686306834221 1789
1764250679114 0.02322310581803322 1799
1764250682682 0.024632200598716736 1809
1764250685527 0.024357181042432785 1819
1764250688340 0.05346754938364029 1829
1764250691128 0.023259323090314865 1839
1764250694685 0.0320664681494236 1849
1764250697512 0.02344168722629547 1859
1764250700337 0.0548524335026741 1869
1764250703149 0.035743482410907745 1879
1764250706025 0.02737637422978878 1889
1764250709690 0.03195353224873543 1899
1764250712541 0.03069213405251503 1909
1764250715409 0.04876596853137016 1919
1764250718249 0.020837897434830666 1929
1764250721753 0.038202546536922455 1939
1764250724610 0.02198454923927784 1949
1764250727438 0.10482456535100937 1959
1764250730293 0.021474003791809082 1969
1764250733057 0.04392848536372185 1979
1764250736705 0.03414546325802803 1989
1764250739566 0.024542538449168205 1999
1764250742442 0.02448621764779091 2009
1764250745301 0.021506279706954956 2019
1764250748858 0.03217427060008049 2029
1764250751699 0.02450723759829998 2039
1764250754544 0.020258640870451927 2049
1764250757392 0.02405552566051483 2059
1764250760959 0.02540665864944458 2069
1764250763834 0.02179691009223461 2079
1764250766694 0.03875240683555603 2089
1764250769545 0.021070966497063637 2099
1764250772409 0.0205790214240551 2109
1764250775971 0.022133219987154007 2119
1764250778832 0.03217867761850357 2129
1764250781668 0.03397040441632271 2139
1764250784492 0.024819789454340935 2149
1764250788075 0.01984396018087864 2159
1764250790959 0.02091781049966812 2169
1764250793864 0.024374155327677727 2179
1764250796734 0.028204884380102158 2189
1764250799505 0.03653430566191673 2199
1764250803168 0.022818326950073242 2209
1764250806007 0.021108144894242287 2219
1764250808839 0.025206301361322403 2229
1764250811708 0.03559602051973343 2239
1764250815312 0.06479734927415848 2249
1764250818156 0.028095168992877007 2259
1764250821014 0.02950626239180565 2269
1764250823874 0.025509344413876534 2279
