1764082602585 0.0 9
1764082604334 0.0 19
1764082606129 0.0 29
1764082607863 0.0 39
1764082609613 0.0 49
1764082611382 0.0 59
1764082613052 0.0 61
1764082614607 1.0 69
1764082616359 1.0 79
1764082618102 1.0 89
1764082619841 1.0 99
1764082621647 1.0 109
1764082623426 1.0 119
1764082624877 1.0 123
1764082625942 2.0 129
1764082627687 2.0 139
1764082629436 2.0 149
1764082631183 2.0 159
1764082632936 2.0 169
1764082634683 2.0 179
1764082636490 2.0 185
1764082637217 3.0 189
1764082639009 3.0 199
1764082640810 3.0 209
1764082642588 3.0 219
1764082644353 3.0 229
1764082646108 3.0 239
1764082648171 3.0 247
1764082648534 4.0 249
1764082650280 4.0 259
1764082652098 4.0 269
1764082653891 4.0 279
1764082655668 4.0 289
1764082657465 4.0 299
1764082659185 4.0 309
1764082659998 4.0 309
1764082661775 5.0 319
1764082663580 5.0 329
1764082665423 5.0 339
1764082667230 5.0 349
1764082668978 5.0 359
1764082670721 5.0 369
1764082671774 5.0 371
1764082673180 6.0 379
1764082674914 6.0 389
1764082676656 6.0 399
1764082678397 6.0 409
1764082680133 6.0 419
1764082681910 6.0 429
1764082683317 6.0 433
1764082684373 7.0 439
1764082686144 7.0 449
1764082687888 7.0 459
1764082689650 7.0 469
1764082691391 7.0 479
1764082693178 7.0 489
1764082694986 7.0 495
1764082695729 8.0 499
1764082697473 8.0 509
1764082699214 8.0 519
1764082700964 8.0 529
1764082702766 8.0 539
1764082704687 8.0 549
1764082706795 8.0 557
1764082707177 9.0 559
1764082708908 9.0 569
1764082710659 9.0 579
1764082712440 9.0 589
1764082714198 9.0 599
1764082715965 9.0 609
1764082717646 9.0 619
1764082718431 9.0 619
1764082720250 10.0 629
1764082721986 10.0 639
1764082723727 10.0 649
1764082725466 10.0 659
1764082727215 10.0 669
1764082728980 10.0 679
1764082730041 10.0 681
1764082731450 11.0 689
1764082733190 11.0 699
1764082734946 11.0 709
1764082736687 11.0 719
1764082738416 11.0 729
1764082740192 11.0 739
1764082741702 11.0 743
1764082742774 12.0 749
1764082744533 12.0 759
1764082746280 12.0 769
1764082748020 12.0 779
1764082749776 12.0 789
1764082751614 12.0 799
1764082753350 12.0 805
1764082754057 13.0 809
1764082755807 13.0 819
1764082757593 13.0 829
1764082759335 13.0 839
1764082761058 13.0 849
1764082762797 13.0 859
1764082764922 13.0 867
1764082765289 14.0 869
1764082767015 14.0 879
1764082768742 14.0 889
1764082770490 14.0 899
1764082772397 14.0 909
1764082774183 14.0 919
1764082775855 14.0 929
1764082776643 14.0 929
1764082778396 15.0 939
1764082780175 15.0 949
1764082781914 15.0 959
1764082783646 15.0 969
1764082785389 15.0 979
1764082787125 15.0 989
1764082788173 15.0 991
1764082789591 16.0 999
1764082791344 16.0 1009
1764082793089 16.0 1019
1764082794827 16.0 1029
1764082796868 16.0 1039
1764082798685 16.0 1049
1764082800158 16.0 1053
1764082801353 17.0 1059
1764082803365 17.0 1069
1764082805116 17.0 1079
1764082806841 17.0 1089
1764082808860 17.0 1099
1764082810859 17.0 1109
1764082812745 17.0 1115
1764082813466 18.0 1119
1764082815261 18.0 1129
1764082817543 18.0 1139
1764082819288 18.0 1149
1764082821032 18.0 1159
1764082822778 18.0 1169
1764082824945 18.0 1177
1764082825380 19.0 1179
1764082827142 19.0 1189
1764082828869 19.0 1199
1764082830597 19.0 1209
1764082832328 19.0 1219
1764082834054 19.0 1229
1764082835677 19.0 1239
1764082836444 19.0 1239
1764082838184 20.0 1249
1764082839914 20.0 1259
1764082841640 20.0 1269
1764082843380 20.0 1279
1764082845109 20.0 1289
1764082846862 20.0 1299
1764082847869 20.0 1301
1764082849300 21.0 1309
1764082851131 21.0 1319
1764082852866 21.0 1329
1764082854615 21.0 1339
1764082856353 21.0 1349
1764082858088 21.0 1359
1764082859539 21.0 1363
1764082860596 22.0 1369
1764082862333 22.0 1379
1764082864069 22.0 1389
1764082865961 22.0 1399
1764082867738 22.0 1409
1764082869482 22.0 1419
1764082871239 22.0 1425
1764082871950 23.0 1429
1764082873710 23.0 1439
1764082875471 23.0 1449
1764082877233 23.0 1459
1764082878968 23.0 1469
1764082880730 23.0 1479
1764082882893 23.0 1487
1764082883269 24.0 1489
1764082885010 24.0 1499
1764082886761 24.0 1509
1764082888504 24.0 1519
1764082890282 24.0 1529
1764082892045 24.0 1539
1764082893745 24.0 1549
1764082894531 24.0 1549
1764082896308 25.0 1559
1764082898053 25.0 1569
1764082899782 25.0 1579
1764082901546 25.0 1589
1764082903299 25.0 1599
1764082905034 25.0 1609
1764082906064 25.0 1611
1764082907465 26.0 1619
1764082909213 26.0 1629
1764082910996 26.0 1639
1764082912766 26.0 1649
1764082914494 26.0 1659
1764082916245 26.0 1669
1764082917642 26.0 1673
1764082918711 27.0 1679
1764082920453 27.0 1689
1764082922195 27.0 1699
1764082923939 27.0 1709
1764082925696 27.0 1719
1764082927432 27.0 1729
1764082929268 27.0 1735
1764082930011 28.0 1739
1764082931747 28.0 1749
1764082933473 28.0 1759
1764082935231 28.0 1769
1764082936964 28.0 1779
1764082938695 28.0 1789
1764082940892 28.0 1797
1764082941311 29.0 1799
1764082943057 29.0 1809
1764082944792 29.0 1819
1764082946525 29.0 1829
1764082948267 29.0 1839
1764082950032 29.0 1849
1764082951710 29.0 1859
1764082952534 29.0 1859
1764082954322 30.0 1869
1764082956068 30.0 1879
1764082957816 30.0 1889
1764082959543 30.0 1899
1764082961275 30.0 1909
1764082963004 30.0 1919
1764082964094 30.0 1921
1764082965547 31.0 1929
1764082967293 31.0 1939
1764082969024 31.0 1949
1764082970760 31.0 1959
1764082972512 31.0 1969
1764082974267 31.0 1979
1764082975687 31.0 1983
1764082976773 32.0 1989
1764082978505 32.0 1999
1764082980240 32.0 2009
1764082981972 32.0 2019
1764082983702 32.0 2029
1764082985462 32.0 2039
1764082987263 32.0 2045
1764082988026 33.0 2049
1764082989765 33.0 2059
1764082991507 33.0 2069
1764082993259 33.0 2079
1764082995004 33.0 2089
1764082996743 33.0 2099
1764082998869 33.0 2107
1764082999268 34.0 2109
1764083001010 34.0 2119
1764083002757 34.0 2129
1764083004491 34.0 2139
1764083006225 34.0 2149
1764083007952 34.0 2159
1764083009611 34.0 2169
1764083010444 34.0 2169
1764083012244 35.0 2179
1764083013977 35.0 2189
1764083015709 35.0 2199
1764083017454 35.0 2209
1764083019181 35.0 2219
1764083020907 35.0 2229
1764083022011 35.0 2231
