1764082602585 0.2664579153060913 9
1764082604334 0.26657456159591675 19
1764082606129 0.22878600656986237 29
1764082607863 0.31539762020111084 39
1764082609613 0.32802510261535645 49
1764082611382 0.2819294035434723 59
1764082614607 0.3493625521659851 69
1764082616359 0.19420045614242554 79
1764082618102 0.15327776968479156 89
1764082619841 0.1850307285785675 99
1764082621647 0.1115710511803627 109
1764082623426 0.1428697109222412 119
1764082625942 0.14231827855110168 129
1764082627687 0.08011732995510101 139
1764082629436 0.11380337178707123 149
1764082631183 0.1108417809009552 159
1764082632936 0.1194642037153244 169
1764082634683 0.10088988393545151 179
1764082637217 0.09457456320524216 189
1764082639009 0.0923871099948883 199
1764082640810 0.14165112376213074 209
1764082642588 0.061920613050460815 219
1764082644353 0.07621899992227554 229
1764082646108 0.08593304455280304 239
1764082648534 0.06863027811050415 249
1764082650280 0.07020168751478195 259
1764082652098 0.06331472098827362 269
1764082653891 0.06521732360124588 279
1764082655668 0.0630401223897934 289
1764082657465 0.09120110422372818 299
1764082659185 0.19503748416900635 309
1764082661775 0.0822882354259491 319
1764082663580 0.0777401253581047 329
1764082665423 0.06790919601917267 339
1764082667230 0.07189839333295822 349
1764082668978 0.06207442656159401 359
1764082670721 0.05786524713039398 369
1764082673180 0.05759090930223465 379
1764082674914 0.04921109974384308 389
1764082676656 0.06222958117723465 399
1764082678397 0.05852900817990303 409
1764082680133 0.05824358016252518 419
1764082681910 0.07965913414955139 429
1764082684373 0.0581323578953743 439
1764082686144 0.05821908265352249 449
1764082687888 0.06555067002773285 459
1764082689650 0.05887624993920326 469
1764082691391 0.056244973093271255 479
1764082693178 0.05053813010454178 489
1764082695729 0.1361362785100937 499
1764082697473 0.046238549053668976 509
1764082699214 0.04663809388875961 519
1764082700964 0.06014905124902725 529
1764082702766 0.04453501105308533 539
1764082704687 0.05525842308998108 549
1764082707177 0.05443258583545685 559
1764082708908 0.06273353099822998 569
1764082710659 18.6395206451416 579
1764082712440 0.07327660918235779 589
1764082714198 0.050432078540325165 599
1764082715965 0.05388304591178894 609
1764082717646 0.09795746207237244 619
1764082720250 0.05014146864414215 629
1764082721986 0.04622039198875427 639
1764082723727 0.06476623564958572 649
1764082725466 0.04883624613285065 659
1764082727215 0.05567531660199165 669
1764082728980 0.05175624042749405 679
1764082731450 0.052678145468235016 689
1764082733190 0.056691087782382965 699
1764082734946 0.06347452104091644 709
1764082736687 0.06111959367990494 719
1764082738416 0.10155066847801208 729
1764082740192 0.051613278687000275 739
1764082742774 0.05754169076681137 749
1764082744533 0.04515086114406586 759
1764082746280 0.047503866255283356 769
1764082748020 0.0470704659819603 779
1764082749776 0.050856880843639374 789
1764082751614 0.04473356902599335 799
1764082754057 0.07242220640182495 809
1764082755807 0.14013393223285675 819
1764082757593 0.08888345211744308 829
1764082759335 0.07912848889827728 839
1764082761058 0.07459032535552979 849
1764082762797 0.06912554055452347 859
1764082765289 0.05422252044081688 869
1764082767015 0.05507376790046692 879
1764082768742 0.0923856645822525 889
1764082770490 0.05730697140097618 899
1764082772397 0.04820404574275017 909
1764082774183 0.05322405323386192 919
1764082775855 0.05684884637594223 929
1764082778396 0.10820212215185165 939
1764082780175 0.07096967846155167 949
1764082781914 0.05864125117659569 959
1764082783646 0.04742172360420227 969
1764082785389 0.04806722700595856 979
1764082787125 0.043235599994659424 989
1764082789591 0.046722643077373505 999
1764082791344 0.07199527323246002 1009
1764082793089 0.06188305839896202 1019
1764082794827 0.06016566604375839 1029
1764082796868 0.048569660633802414 1039
1764082798685 0.05653674900531769 1049
1764082801353 0.05028919130563736 1059
1764082803365 0.15193533897399902 1069
1764082805116 0.08607175946235657 1079
1764082806841 0.07850941270589828 1089
1764082808860 0.055589426308870316 1099
1764082810859 0.05350637435913086 1109
1764082813466 0.04956336319446564 1119
1764082815261 0.04836612939834595 1129
1764082817543 0.05861583352088928 1139
1764082819288 0.04587959870696068 1149
1764082821032 0.07720805704593658 1159
1764082822778 0.07659277319908142 1169
1764082825380 0.0605606883764267 1179
1764082827142 0.07228145003318787 1189
1764082828869 0.04963567107915878 1199
1764082830597 0.05943949520587921 1209
1764082832328 0.04885701835155487 1219
1764082834054 0.06934481859207153 1229
1764082835677 0.07129678875207901 1239
1764082838184 0.06954366713762283 1249
1764082839914 0.07038018852472305 1259
1764082841640 0.049333058297634125 1269
1764082843380 0.04890037700533867 1279
1764082845109 0.057713914662599564 1289
1764082846862 0.05118139833211899 1299
1764082849300 0.058961525559425354 1309
1764082851131 0.06511697918176651 1319
1764082852866 0.0457892119884491 1329
1764082854615 0.05154692754149437 1339
1764082856353 0.04681834578514099 1349
1764082858088 0.0426899790763855 1359
1764082860596 0.042579539120197296 1369
1764082862333 0.0442039929330349 1379
1764082864069 0.047011829912662506 1389
1764082865961 0.04322655871510506 1399
1764082867738 0.04425273835659027 1409
1764082869482 0.04180917143821716 1419
1764082871950 0.08010444045066833 1429
1764082873710 0.05819351226091385 1439
1764082875471 0.05082573741674423 1449
1764082877233 0.04667598009109497 1459
1764082878968 0.06713488698005676 1469
1764082880730 0.041639119386672974 1479
1764082883269 0.04088367894291878 1489
1764082885010 0.04065016657114029 1499
1764082886761 0.042972251772880554 1509
1764082888504 0.03947250545024872 1519
1764082890282 0.06622191518545151 1529
1764082892045 0.04819101840257645 1539
1764082893745 0.057572051882743835 1549
1764082896308 0.03992767632007599 1559
1764082898053 15.81051254272461 1569
1764082899782 0.048393186181783676 1579
1764082901546 0.04616549611091614 1589
1764082903299 0.041114889085292816 1599
1764082905034 0.048988886177539825 1609
1764082907465 0.04279544949531555 1619
1764082909213 0.05571258068084717 1629
1764082910996 0.04141053184866905 1639
1764082912766 0.04516805335879326 1649
1764082914494 0.06127467378973961 1659
1764082916245 0.05284185707569122 1669
1764082918711 0.04674610495567322 1679
1764082920453 0.04447092488408089 1689
1764082922195 15.131204605102539 1699
1764082923939 0.046126145869493484 1709
1764082925696 0.04195825755596161 1719
1764082927432 0.044921327382326126 1729
1764082930011 0.04128861427307129 1739
1764082931747 0.041479386389255524 1749
1764082933473 0.03925854712724686 1759
1764082935231 0.058644380420446396 1769
1764082936964 0.06869779527187347 1779
1764082938695 0.06830129027366638 1789
1764082941311 0.06421754509210587 1799
1764082943057 0.04782601445913315 1809
1764082944792 0.05799371376633644 1819
1764082946525 0.04353448003530502 1829
1764082948267 0.05236112326383591 1839
1764082950032 0.10362558811903 1849
1764082951710 0.08878716081380844 1859
1764082954322 0.4698241949081421 1869
1764082956068 0.3275187611579895 1879
1764082957816 0.1637353003025055 1889
1764082959543 0.10049111396074295 1899
1764082961275 0.07439292222261429 1909
1764082963004 0.10221359133720398 1919
1764082965547 0.1234414353966713 1929
1764082967293 0.11436378210783005 1939
1764082969024 0.061688195914030075 1949
1764082970760 0.13996118307113647 1959
1764082972512 0.1621612012386322 1969
1764082974267 0.1210722029209137 1979
1764082976773 0.10876180231571198 1989
1764082978505 0.12742909789085388 1999
1764082980240 0.07891850918531418 2009
1764082981972 0.07652406394481659 2019
1764082983702 0.05520906299352646 2029
1764082985462 0.05490972846746445 2039
1764082988026 0.06144176423549652 2049
1764082989765 0.1132553219795227 2059
1764082991507 0.050910115242004395 2069
1764082993259 0.05978459119796753 2079
1764082995004 0.05939639359712601 2089
1764082996743 0.06356732547283173 2099
1764082999268 0.05513172596693039 2109
1764083001010 0.05633385106921196 2119
1764083002757 0.04850718751549721 2129
1764083004491 0.04871407151222229 2139
1764083006225 0.06035482883453369 2149
1764083007952 0.05962299928069115 2159
1764083009611 0.09713000804185867 2169
1764083012244 0.04902965947985649 2179
1764083013977 0.04777207225561142 2189
1764083015709 0.04443523287773132 2199
1764083017454 0.0730171799659729 2209
1764083019181 0.07536734640598297 2219
1764083020907 0.05253860726952553 2229
