1763747561169 0.0 9
1763747562094 0.0 19
1763747563029 0.0 29
1763747564466 0.0 30
1763747565880 1.0 39
1763747566794 1.0 49
1763747567707 1.0 59
1763747568027 1.0 61
1763747569354 2.0 69
1763747570270 2.0 79
1763747571185 2.0 89
1763747571608 2.0 92
1763747573029 3.0 99
1763747573950 3.0 109
1763747574869 3.0 119
1763747575382 3.0 123
1763747576560 4.0 129
1763747577480 4.0 139
1763747578401 4.0 149
1763747579003 4.0 154
1763747580085 5.0 159
1763747580999 5.0 169
1763747581922 5.0 179
1763747582616 5.0 185
1763747583534 6.0 189
1763747584449 6.0 199
1763747585366 6.0 209
1763747586145 6.0 216
1763747586907 7.0 219
1763747587832 7.0 229
1763747588756 7.0 239
1763747589634 7.0 247
1763747590417 8.0 249
1763747591435 8.0 259
1763747592361 8.0 269
1763747593338 8.0 278
1763747594123 9.0 279
1763747595093 9.0 289
1763747596015 9.0 299
1763747596935 9.0 309
1763747597078 9.0 309
1763747598535 10.0 319
1763747599456 10.0 329
1763747600375 10.0 339
1763747600607 10.0 340
1763747602003 11.0 349
1763747602955 11.0 359
1763747603886 11.0 369
1763747604243 11.0 371
1763747605521 12.0 379
1763747606449 12.0 389
1763747607365 12.0 399
1763747607786 12.0 402
1763747609015 13.0 409
1763747609940 13.0 419
1763747610858 13.0 429
1763747611361 13.0 433
1763747612551 14.0 439
1763747613471 14.0 449
1763747614398 14.0 459
1763747615044 14.0 464
1763747616115 15.0 469
1763747617031 15.0 479
1763747617962 15.0 489
1763747618652 15.0 495
1763747619601 16.0 499
1763747620521 16.0 509
1763747621439 16.0 519
1763747622247 16.0 526
1763747623194 17.0 529
1763747624124 17.0 539
1763747625042 17.0 549
1763747625912 17.0 557
1763747626692 18.0 559
1763747627615 18.0 569
1763747628531 18.0 579
1763747629498 18.0 588
1763747630111 19.0 589
1763747631030 19.0 599
1763747631947 19.0 609
1763747632942 19.0 619
1763747633126 19.0 619
