1763747561169 0.44320911169052124 9
1763747562094 0.32566916942596436 19
1763747563029 0.3933534026145935 29
1763747565880 0.19183601438999176 39
1763747566794 0.22222837805747986 49
1763747567707 0.19201034307479858 59
1763747569354 0.1793573796749115 69
1763747570270 0.18379823863506317 79
1763747571185 0.16597022116184235 89
1763747573029 0.14096689224243164 99
1763747573950 0.08108244091272354 109
1763747574869 0.08442731201648712 119
1763747576560 0.06983743607997894 129
1763747577480 0.07763151824474335 139
1763747578401 0.09105139225721359 149
1763747580085 0.09855908155441284 159
1763747580999 0.07321934401988983 169
1763747581922 0.08586093783378601 179
1763747583534 0.062002260237932205 189
1763747584449 0.05909828469157219 199
1763747585366 0.07007329910993576 209
1763747586907 0.046361494809389114 219
1763747587832 0.05568407475948334 229
1763747588756 0.11846466362476349 239
1763747590417 0.058504652231931686 249
1763747591435 0.05373498052358627 259
1763747592361 0.058001354336738586 269
1763747594123 0.057198479771614075 279
1763747595093 0.07627229392528534 289
1763747596015 0.06292331218719482 299
1763747596935 0.051677603274583817 309
1763747598535 0.05128388851881027 319
1763747599456 0.060594286769628525 329
1763747600375 0.05356043949723244 339
1763747602003 0.057319700717926025 349
1763747602955 0.046255923807621 359
1763747603886 0.04905213415622711 369
1763747605521 0.04949800297617912 379
1763747606449 0.043380483984947205 389
1763747607365 0.06851367652416229 399
1763747609015 0.04786074161529541 409
1763747609940 0.058421067893505096 419
1763747610858 0.05784960836172104 429
1763747612551 0.0523599311709404 439
1763747613471 0.07421283423900604 449
1763747614398 0.03913002461194992 459
1763747616115 0.04198069125413895 469
1763747617031 0.0567823126912117 479
1763747617962 0.0384240560233593 489
1763747619601 0.04210450500249863 499
1763747620521 0.04836457967758179 509
1763747621439 0.04305846616625786 519
1763747623194 0.040666524320840836 529
1763747624124 0.04079355299472809 539
1763747625042 0.07044611126184464 549
1763747626692 0.041913166642189026 559
1763747627615 0.04207021743059158 569
1763747628531 0.040534865111112595 579
1763747630111 0.12774041295051575 589
1763747631030 0.05430758744478226 599
1763747631947 0.047209396958351135 609
1763747632942 0.05775376781821251 619
