1764279925801 0.0 9
1764279928609 0.0 19
1764279931441 0.0 29
1764279934274 0.0 39
1764279936623 0.0 43
1764279938360 1.0 49
1764279941184 1.0 59
1764279944015 1.0 69
1764279946839 1.0 79
1764279949776 1.0 87
1764279950381 2.0 89
1764279953273 2.0 99
1764279956164 2.0 109
1764279959093 2.0 119
1764279961996 2.0 129
1764279963288 2.0 131
1764279965663 3.0 139
1764279968556 3.0 149
1764279971493 3.0 159
1764279974415 3.0 169
1764279976876 3.0 175
1764279978058 4.0 179
1764279980965 4.0 189
1764279983851 4.0 199
1764279986872 4.0 209
1764279989666 4.0 219
1764279990476 4.0 219
1764279993402 5.0 229
1764279996316 5.0 239
1764279999200 5.0 249
1764280002118 5.0 259
1764280003968 5.0 263
1764280005743 6.0 269
1764280008649 6.0 279
1764280011544 6.0 289
1764280014419 6.0 299
1764280017373 6.0 307
1764280018005 7.0 309
1764280020868 7.0 319
1764280023712 7.0 329
1764280026585 7.0 339
1764280029468 7.0 349
1764280030743 7.0 351
1764280033042 8.0 359
1764280035919 8.0 369
1764280038772 8.0 379
1764280041618 8.0 389
1764280044027 8.0 395
1764280045178 9.0 399
1764280048034 9.0 409
1764280050909 9.0 419
1764280053766 9.0 429
1764280056534 9.0 439
1764280057341 9.0 439
1764280060212 10.0 449
1764280063058 10.0 459
1764280065898 10.0 469
1764280068745 10.0 479
1764280070570 10.0 483
1764280072300 11.0 489
1764280075164 11.0 499
1764280078031 11.0 509
1764280080869 11.0 519
1764280083857 11.0 527
1764280084442 12.0 529
1764280087288 12.0 539
1764280090143 12.0 549
1764280093003 12.0 559
1764280095869 12.0 569
1764280097150 12.0 571
1764280099447 13.0 579
1764280102316 13.0 589
1764280105173 13.0 599
1764280108025 13.0 609
1764280110434 13.0 615
1764280111609 14.0 619
1764280114488 14.0 629
1764280117343 14.0 639
1764280120216 14.0 649
1764280123009 14.0 659
1764280123803 14.0 659
1764280126732 15.0 669
1764280129627 15.0 679
1764280132548 15.0 689
1764280135478 15.0 699
1764280137347 15.0 703
1764280141485 16.0 709
1764280157715 16.0 719
1764280165260 16.0 729
1764280168185 16.0 739
1764280171223 16.0 747
1764280171823 17.0 749
1764280174717 17.0 759
1764280177624 17.0 769
1764280180483 17.0 779
1764280183309 17.0 789
1764280184527 17.0 791
1764280186768 18.0 799
1764280189588 18.0 809
1764280192447 18.0 819
1764280195295 18.0 829
1764280197632 18.0 835
1764280198766 19.0 839
1764280201620 19.0 849
1764280204460 19.0 859
1764280207251 19.0 869
1764280209956 19.0 879
1764280210737 19.0 879
1764280213541 20.0 889
1764280216326 20.0 899
1764280219113 20.0 909
1764280221923 20.0 919
1764280223712 20.0 923
1764280225383 21.0 929
1764280228290 21.0 939
1764280231086 21.0 949
1764280233857 21.0 959
1764280236767 21.0 967
1764280237344 22.0 969
1764280240134 22.0 979
1764280243001 22.0 989
1764280245806 22.0 999
1764280248646 22.0 1009
1764280249896 22.0 1011
1764280252218 23.0 1019
1764280255023 23.0 1029
1764280258866 23.0 1039
1764280262336 23.0 1049
1764280265711 23.0 1055
1764280266884 24.0 1059
1764280269741 24.0 1069
1764280272623 24.0 1079
1764280275465 24.0 1089
1764280278494 24.0 1099
1764280279568 24.0 1099
1764280285937 25.0 1109
1764280288789 25.0 1119
1764280292279 25.0 1129
1764280321370 25.0 1139
1764280325607 25.0 1143
1764280329420 26.0 1149
1764280335620 26.0 1159
1764280341962 26.0 1169
1764280347834 26.0 1179
1764280355415 26.0 1187
1764280356668 27.0 1189
1764280361114 27.0 1199
1764280370105 27.0 1209
1764280377651 27.0 1219
1764280383820 27.0 1229
1764280390200 27.0 1231
1764280398798 28.0 1239
1764280407360 28.0 1249
1764280413155 28.0 1259
1764280418894 28.0 1269
1764280424146 28.0 1275
1764280426489 29.0 1279
1764280432413 29.0 1289
1764280441064 29.0 1299
1764280447153 29.0 1309
1764280453777 29.0 1319
1764280455889 29.0 1319
1764280463924 30.0 1329
1764280469902 30.0 1339
1764280476226 30.0 1349
1764280479965 30.0 1359
1764280484855 30.0 1363
1764280488870 31.0 1369
1764280494883 31.0 1379
1764280500895 31.0 1389
1764280506877 31.0 1399
1764280517929 31.0 1407
1764280519307 32.0 1409
1764280525202 32.0 1419
1764280531263 32.0 1429
1764280537628 32.0 1439
1764280543359 32.0 1449
1764280545900 32.0 1451
1764280550561 33.0 1459
1764280556290 33.0 1469
1764280562581 33.0 1479
1764280567731 33.0 1489
1764280572488 33.0 1495
1764280575080 34.0 1499
1764280581948 34.0 1509
1764280587673 34.0 1519
1764280593568 34.0 1529
1764280599281 34.0 1539
1764280601021 34.0 1539
1764280607226 35.0 1549
1764280612928 35.0 1559
1764280618068 35.0 1569
1764280624224 35.0 1579
1764280627915 35.0 1583
1764280631468 36.0 1589
1764280637318 36.0 1599
1764280643491 36.0 1609
1764280649397 36.0 1619
1764280655807 36.0 1627
1764280657031 37.0 1629
1764280662597 37.0 1639
1764280669837 37.0 1649
1764280675653 37.0 1659
1764280681725 37.0 1669
1764280684461 37.0 1671
1764280689285 38.0 1679
1764280694721 38.0 1689
1764280700345 38.0 1699
1764280705827 38.0 1709
1764280710670 38.0 1715
1764280713078 39.0 1719
1764280718869 39.0 1729
1764280723617 39.0 1739
1764280729296 39.0 1749
1764280734369 39.0 1759
1764280735963 39.0 1759
