1764279925801 0.5910560488700867 9
1764279928609 0.4845435321331024 19
1764279931441 0.3486352562904358 29
1764279934274 0.34767061471939087 39
1764279938360 0.229574054479599 49
1764279941184 0.2863871455192566 59
1764279944015 0.2254587858915329 69
1764279946839 0.15720869600772858 79
1764279950381 0.15894432365894318 89
1764279953273 0.19058921933174133 99
1764279956164 0.15206627547740936 109
1764279959093 0.10689255595207214 119
1764279961996 0.11065341532230377 129
1764279965663 0.09970376640558243 139
1764279968556 0.09307998418807983 149
1764279971493 0.101092129945755 159
1764279974415 0.0878312736749649 169
1764279978058 0.0764583945274353 179
1764279980965 0.06663775444030762 189
1764279983851 0.0759444385766983 199
1764279986872 0.06444185227155685 209
1764279989666 0.08536214381456375 219
1764279993402 0.1347358375787735 229
1764279996316 0.07663343101739883 239
1764279999200 0.07696141302585602 249
1764280002118 0.09209617227315903 259
1764280005743 0.049199946224689484 269
1764280008649 0.05434010550379753 279
1764280011544 0.061553750187158585 289
1764280014419 0.052565086632966995 299
1764280018005 0.05116967856884003 309
1764280020868 0.09288090467453003 319
1764280023712 0.05136248469352722 329
1764280026585 0.042869556695222855 339
1764280029468 0.05792774632573128 349
1764280033042 0.059343282133340836 359
1764280035919 0.05381301790475845 369
1764280038772 0.05523160472512245 379
1764280041618 0.04630856588482857 389
1764280045178 0.04550797864794731 399
1764280048034 0.06092320755124092 409
1764280050909 0.04960990324616432 419
1764280053766 0.042247939854860306 429
1764280056534 0.04302535578608513 439
1764280060212 0.04661085456609726 449
1764280063058 0.03831019997596741 459
1764280065898 0.038951121270656586 469
1764280068745 0.05019322782754898 479
1764280072300 0.047049395740032196 489
1764280075164 0.03553091362118721 499
1764280078031 0.05416573956608772 509
1764280080869 0.04465939477086067 519
1764280084442 0.047418009489774704 529
1764280087288 0.038253143429756165 539
1764280090143 0.041538409888744354 549
1764280093003 0.037412844598293304 559
1764280095869 0.037839148193597794 569
1764280099447 0.03572050854563713 579
1764280102316 0.03450947254896164 589
1764280105173 0.045959170907735825 599
1764280108025 0.037890564650297165 609
1764280111609 0.03510322794318199 619
1764280114488 0.052204009145498276 629
1764280117343 0.04033984616398811 639
1764280120216 0.03790557384490967 649
1764280123009 0.03431928902864456 659
1764280126732 0.040562186390161514 669
1764280129627 0.04102307930588722 679
1764280132548 0.03686365857720375 689
1764280135478 0.04338240996003151 699
1764280141485 0.03786171227693558 709
1764280157715 0.05999814718961716 719
1764280165260 0.03145184367895126 729
1764280168185 0.03347800299525261 739
1764280171823 0.04214160889387131 749
1764280174717 0.04083680361509323 759
1764280177624 0.030291225761175156 769
1764280180483 0.031066086143255234 779
1764280183309 0.03714447095990181 789
1764280186768 0.03260042145848274 799
1764280189588 0.045211341232061386 809
1764280192447 0.05113537609577179 819
1764280195295 0.04033840075135231 829
1764280198766 0.036928147077560425 839
1764280201620 0.03195694461464882 849
1764280204460 0.034644149243831635 859
1764280207251 0.029975078999996185 869
1764280209956 0.07667316496372223 879
1764280213541 0.0322091169655323 889
1764280216326 0.030014894902706146 899
1764280219113 0.03652830794453621 909
1764280221923 0.0538824126124382 919
1764280225383 0.0316116102039814 929
1764280228290 0.031506024301052094 939
1764280231086 0.031519461423158646 949
1764280233857 0.03396746516227722 959
1764280237344 0.04056212306022644 969
1764280240134 0.042322903871536255 979
1764280243001 0.029004229232668877 989
1764280245806 0.029416963458061218 999
1764280248646 0.051235444843769073 1009
1764280252218 0.0339338593184948 1019
1764280255023 0.030779797583818436 1029
1764280258866 0.027479540556669235 1039
1764280262336 0.030256271362304688 1049
1764280266884 0.03331997990608215 1059
1764280269741 0.03949688374996185 1069
1764280272623 0.04076937586069107 1079
1764280275465 0.030702875927090645 1089
1764280278494 0.030480269342660904 1099
1764280285937 0.032618507742881775 1109
1764280288789 0.0343620702624321 1119
1764280292279 0.030980193987488747 1129
1764280321370 0.02855904959142208 1139
1764280329420 0.030626259744167328 1149
1764280335620 0.0440988652408123 1159
1764280341962 0.030353527516126633 1169
1764280347834 0.03743382543325424 1179
1764280356668 0.034482285380363464 1189
1764280361114 0.03150244057178497 1199
1764280370105 0.03450797498226166 1209
1764280377651 0.039091914892196655 1219
1764280383820 0.03970366343855858 1229
1764280398798 0.02937563881278038 1239
1764280407360 0.0448518805205822 1249
1764280413155 0.029074683785438538 1259
1764280418894 0.03579917177557945 1269
1764280426489 0.030278373509645462 1279
1764280432413 0.029310107231140137 1289
1764280441064 0.03459496051073074 1299
1764280447153 0.03356790915131569 1309
1764280453777 0.03175431117415428 1319
1764280463924 0.03204093128442764 1329
1764280469902 0.030840694904327393 1339
1764280476226 0.05792186036705971 1349
1764280479965 0.030022982507944107 1359
1764280488870 0.030581533908843994 1369
1764280494883 0.02827519364655018 1379
1764280500895 0.06230732798576355 1389
1764280506877 0.028654631227254868 1399
1764280519307 0.03225234895944595 1409
1764280525202 0.0549539178609848 1419
1764280531263 0.031040016561746597 1429
1764280537628 0.027171198278665543 1439
1764280543359 0.02834825962781906 1449
1764280550561 0.02795788273215294 1459
1764280556290 0.04667177051305771 1469
1764280562581 0.030590591952204704 1479
1764280567731 0.036608073860406876 1489
1764280575080 0.0268720593303442 1499
1764280581948 0.026655975729227066 1509
1764280587673 0.02727784588932991 1519
1764280593568 0.036421433091163635 1529
1764280599281 0.09933410584926605 1539
1764280607226 0.05787695199251175 1549
1764280612928 0.029157336801290512 1559
1764280618068 0.031365253031253815 1569
1764280624224 0.08236680924892426 1579
1764280631468 0.030231984332203865 1589
1764280637318 0.028599539771676064 1599
1764280643491 0.02928234450519085 1609
1764280649397 0.05166849121451378 1619
1764280657031 0.03181638568639755 1629
1764280662597 0.03464041277766228 1639
1764280669837 0.02788219228386879 1649
1764280675653 0.03748902678489685 1659
1764280681725 0.04028232768177986 1669
1764280689285 0.029992330819368362 1679
1764280694721 0.026889538392424583 1689
1764280700345 0.03278687968850136 1699
1764280705827 0.0316055603325367 1709
1764280713078 0.036170151084661484 1719
1764280718869 0.027096617966890335 1729
1764280723617 0.027362583205103874 1739
1764280729296 0.02981339395046234 1749
1764280734369 0.03347314894199371 1759
