1764021526360 0.0 9
1764021527894 0.0 19
1764021529424 0.0 29
1764021530965 0.0 39
1764021532606 0.0 49
1764021533296 0.0 49
1764021535006 1.0 59
1764021536521 1.0 69
1764021538033 1.0 79
1764021539570 1.0 89
1764021541066 1.0 99
1764021541688 1.0 99
1764021543357 2.0 109
1764021544926 2.0 119
1764021546450 2.0 129
1764021547982 2.0 139
1764021549507 2.0 149
1764021550145 2.0 149
1764021551851 3.0 159
1764021553364 3.0 169
1764021554889 3.0 179
1764021556437 3.0 189
1764021557969 3.0 199
1764021558607 3.0 199
1764021560299 4.0 209
1764021561834 4.0 219
1764021563356 4.0 229
1764021564880 4.0 239
1764021566327 4.0 249
1764021567012 4.0 249
1764021568728 5.0 259
1764021570257 5.0 269
1764021571785 5.0 279
1764021573311 5.0 289
1764021574787 5.0 299
1764021575416 5.0 299
1764021577118 6.0 309
1764021578661 6.0 319
1764021580203 6.0 329
1764021581728 6.0 339
1764021583204 6.0 349
1764021583832 6.0 349
1764021585531 7.0 359
1764021587046 7.0 369
1764021588589 7.0 379
1764021590114 7.0 389
1764021591558 7.0 399
1764021592197 7.0 399
1764021593886 8.0 409
1764021595443 8.0 419
1764021596989 8.0 429
1764021598544 8.0 439
1764021600021 8.0 449
1764021600751 8.0 449
1764021602450 9.0 459
1764021603973 9.0 469
1764021605499 9.0 479
1764021607001 9.0 489
1764021608441 9.0 499
1764021609105 9.0 499
1764021610793 10.0 509
1764021612342 10.0 519
1764021613890 10.0 529
1764021615463 10.0 539
1764021616964 10.0 549
1764021617594 10.0 549
1764021619367 11.0 559
1764021621021 11.0 569
1764021622603 11.0 579
1764021624227 11.0 589
1764021625866 11.0 599
1764021626557 11.0 599
1764021628442 12.0 609
1764021630003 12.0 619
1764021631547 12.0 629
1764021633074 12.0 639
1764021634520 12.0 649
1764021635145 12.0 649
1764021636824 13.0 659
1764021638332 13.0 669
1764021639841 13.0 679
1764021641356 13.0 689
1764021642797 13.0 699
1764021643399 13.0 699
1764021645025 14.0 709
1764021646559 14.0 719
1764021648090 14.0 729
1764021649637 14.0 739
1764021651125 14.0 749
1764021651754 14.0 749
1764021653450 15.0 759
1764021654979 15.0 769
1764021656508 15.0 779
1764021658034 15.0 789
1764021659479 15.0 799
1764021660178 15.0 799
1764021661895 16.0 809
1764021663449 16.0 819
1764021664963 16.0 829
1764021666482 16.0 839
1764021667965 16.0 849
1764021668608 16.0 849
1764021670324 17.0 859
1764021671868 17.0 869
1764021673387 17.0 879
1764021674902 17.0 889
1764021676351 17.0 899
1764021676970 17.0 899
1764021678633 18.0 909
1764021680176 18.0 919
1764021681698 18.0 929
1764021683222 18.0 939
1764021684635 18.0 949
1764021685264 18.0 949
1764021686944 19.0 959
1764021688480 19.0 969
1764021690009 19.0 979
1764021692160 19.0 989
1764021694373 19.0 999
1764021695136 19.0 999
1764021696817 20.0 1009
1764021698326 20.0 1019
1764021699865 20.0 1029
1764021701391 20.0 1039
1764021702888 20.0 1049
1764021703535 20.0 1049
1764021705204 21.0 1059
1764021706728 21.0 1069
1764021708249 21.0 1079
1764021709792 21.0 1089
1764021711210 21.0 1099
1764021711843 21.0 1099
1764021713523 22.0 1109
1764021715049 22.0 1119
1764021716575 22.0 1129
1764021718088 22.0 1139
1764021719555 22.0 1149
1764021720232 22.0 1149
1764021721938 23.0 1159
1764021723454 23.0 1169
1764021724984 23.0 1179
1764021726512 23.0 1189
1764021727931 23.0 1199
1764021728577 23.0 1199
1764021730250 24.0 1209
1764021731771 24.0 1219
1764021733305 24.0 1229
1764021734836 24.0 1239
1764021736227 24.0 1249
1764021736910 24.0 1249
1764021739461 25.0 1259
1764021741413 25.0 1269
1764021742975 25.0 1279
1764021744475 25.0 1289
1764021745916 25.0 1299
1764021746697 25.0 1299
1764021748551 26.0 1309
1764021750053 26.0 1319
1764021751531 26.0 1329
1764021753017 26.0 1339
1764021754713 26.0 1349
1764021755331 26.0 1349
1764021757027 27.0 1359
1764021758516 27.0 1369
1764021760039 27.0 1379
1764021761537 27.0 1389
1764021762933 27.0 1399
1764021763590 27.0 1399
1764021765388 28.0 1409
1764021766892 28.0 1419
1764021768415 28.0 1429
1764021769942 28.0 1439
1764021771343 28.0 1449
1764021771951 28.0 1449
1764021773639 29.0 1459
1764021775161 29.0 1469
1764021776673 29.0 1479
1764021778197 29.0 1489
1764021779637 29.0 1499
1764021780288 29.0 1499
1764021781977 30.0 1509
1764021783507 30.0 1519
1764021785033 30.0 1529
1764021786563 30.0 1539
1764021788053 30.0 1549
1764021788705 30.0 1549
1764021790424 31.0 1559
1764021791955 31.0 1569
1764021793456 31.0 1579
1764021794977 31.0 1589
1764021796396 31.0 1599
1764021797038 31.0 1599
1764021798722 32.0 1609
1764021800243 32.0 1619
1764021801764 32.0 1629
1764021803279 32.0 1639
1764021804702 32.0 1649
1764021805339 32.0 1649
1764021806991 33.0 1659
1764021808519 33.0 1669
1764021810044 33.0 1679
1764021811574 33.0 1689
1764021812993 33.0 1699
1764021813637 33.0 1699
1764021815321 34.0 1709
1764021816853 34.0 1719
1764021818371 34.0 1729
1764021819897 34.0 1739
1764021821372 34.0 1749
1764021822009 34.0 1749
1764021823684 35.0 1759
1764021825210 35.0 1769
1764021826715 35.0 1779
1764021828243 35.0 1789
1764021829645 35.0 1799
1764021830270 35.0 1799
1764021831959 36.0 1809
1764021833471 36.0 1819
1764021835001 36.0 1829
1764021836535 36.0 1839
1764021837944 36.0 1849
1764021838593 36.0 1849
1764021840315 37.0 1859
1764021841836 37.0 1869
1764021843353 37.0 1879
1764021844879 37.0 1889
1764021846289 37.0 1899
1764021846920 37.0 1899
1764021848598 38.0 1909
1764021850148 38.0 1919
1764021851665 38.0 1929
1764021853143 38.0 1939
1764021854592 38.0 1949
1764021855217 38.0 1949
1764021856848 39.0 1959
1764021858373 39.0 1969
1764021859910 39.0 1979
1764021861462 39.0 1989
1764021862961 39.0 1999
1764021863617 39.0 1999
1764021865309 40.0 2009
1764021866854 40.0 2019
1764021868377 40.0 2029
1764021869908 40.0 2039
1764021871343 40.0 2049
1764021871965 40.0 2049
1764021873603 41.0 2059
1764021875104 41.0 2069
1764021876634 41.0 2079
1764021878146 41.0 2089
1764021879647 41.0 2099
1764021880271 41.0 2099
1764021881996 42.0 2109
1764021883548 42.0 2119
1764021885064 42.0 2129
1764021886590 42.0 2139
1764021887980 42.0 2149
1764021888634 42.0 2149
1764021890322 43.0 2159
1764021891844 43.0 2169
1764021893355 43.0 2179
1764021894882 43.0 2189
1764021896294 43.0 2199
1764021896929 43.0 2199
1764021898609 44.0 2209
1764021900152 44.0 2219
1764021901691 44.0 2229
1764021903213 44.0 2239
1764021904625 44.0 2249
1764021905290 44.0 2249
1764021906996 45.0 2259
1764021908503 45.0 2269
1764021910017 45.0 2279
1764021911537 45.0 2289
1764021912964 45.0 2299
1764021913597 45.0 2299
1764021915302 46.0 2309
1764021916823 46.0 2319
1764021918358 46.0 2329
1764021919903 46.0 2339
1764021921378 46.0 2349
1764021922016 46.0 2349
1764021923732 47.0 2359
1764021925262 47.0 2369
1764021926771 47.0 2379
1764021928284 47.0 2389
1764021929746 47.0 2399
1764021930372 47.0 2399
1764021932033 48.0 2409
1764021933552 48.0 2419
1764021935087 48.0 2429
1764021936608 48.0 2439
1764021938031 48.0 2449
1764021938700 48.0 2449
1764021940391 49.0 2459
1764021941940 49.0 2469
1764021943487 49.0 2479
1764021945044 49.0 2489
1764021947297 49.0 2499
1764021948041 49.0 2499
1764021950102 50.0 2509
1764021951610 50.0 2519
1764021953149 50.0 2529
1764021954743 50.0 2539
1764021956202 50.0 2549
1764021956821 50.0 2549
1764021958467 51.0 2559
1764021959995 51.0 2569
1764021961520 51.0 2579
1764021963061 51.0 2589
1764021964495 51.0 2599
1764021965170 51.0 2599
1764021966840 52.0 2609
1764021968368 52.0 2619
1764021969894 52.0 2629
1764021971425 52.0 2639
1764021972923 52.0 2649
1764021973605 52.0 2649
1764021975322 53.0 2659
1764021976854 53.0 2669
1764021978386 53.0 2679
1764021979899 53.0 2689
1764021981290 53.0 2699
1764021981944 53.0 2699
1764021983646 54.0 2709
1764021985192 54.0 2719
1764021986729 54.0 2729
1764021988255 54.0 2739
1764021989755 54.0 2749
1764021990426 54.0 2749
1764021992121 55.0 2759
1764021993630 55.0 2769
1764021995148 55.0 2779
1764021996668 55.0 2789
1764021998118 55.0 2799
1764021998784 55.0 2799
1764022000486 56.0 2809
1764022002026 56.0 2819
1764022003578 56.0 2829
1764022005119 56.0 2839
1764022006612 56.0 2849
1764022007245 56.0 2849
1764022008898 57.0 2859
1764022010433 57.0 2869
1764022011956 57.0 2879
1764022013488 57.0 2889
1764022014904 57.0 2899
1764022015533 57.0 2899
1764022017204 58.0 2909
1764022018726 58.0 2919
1764022020248 58.0 2929
1764022021770 58.0 2939
1764022023183 58.0 2949
1764022023838 58.0 2949
1764022025531 59.0 2959
1764022027061 59.0 2969
1764022028582 59.0 2979
1764022030129 59.0 2989
1764022031550 59.0 2999
1764022032162 59.0 2999
1764022033818 60.0 3009
1764022035329 60.0 3019
1764022036861 60.0 3029
1764022038374 60.0 3039
1764022039831 60.0 3049
1764022040478 60.0 3049
1764022042154 61.0 3059
1764022043675 61.0 3069
1764022045198 61.0 3079
1764022046733 61.0 3089
1764022048133 61.0 3099
1764022048760 61.0 3099
1764022050497 62.0 3109
1764022052038 62.0 3119
1764022053560 62.0 3129
1764022055071 62.0 3139
1764022056565 62.0 3149
1764022057214 62.0 3149
1764022058893 63.0 3159
1764022060413 63.0 3169
1764022061929 63.0 3179
1764022063461 63.0 3189
1764022065404 63.0 3199
1764022066203 63.0 3199
1764022069093 64.0 3209
1764022070633 64.0 3219
1764022072148 64.0 3229
1764022073665 64.0 3239
1764022075074 64.0 3249
1764022075691 64.0 3249
1764022077386 65.0 3259
1764022078927 65.0 3269
1764022080457 65.0 3279
1764022081970 65.0 3289
1764022083377 65.0 3299
1764022083992 65.0 3299
1764022085691 66.0 3309
1764022087225 66.0 3319
1764022088746 66.0 3329
1764022090282 66.0 3339
1764022091719 66.0 3349
1764022092351 66.0 3349
1764022094050 67.0 3359
1764022095595 67.0 3369
1764022097121 67.0 3379
1764022098643 67.0 3389
1764022100091 67.0 3399
1764022100763 67.0 3399
1764022102458 68.0 3409
1764022104000 68.0 3419
1764022105521 68.0 3429
1764022107056 68.0 3439
1764022108479 68.0 3449
1764022109148 68.0 3449
1764022110827 69.0 3459
1764022112342 69.0 3469
1764022113842 69.0 3479
1764022115336 69.0 3489
1764022116742 69.0 3499
1764022117358 69.0 3499
1764022118999 70.0 3509
1764022120548 70.0 3519
1764022122066 70.0 3529
1764022123582 70.0 3539
1764022124996 70.0 3549
1764022125631 70.0 3549
1764022127308 71.0 3559
1764022128853 71.0 3569
1764022130386 71.0 3579
1764022131943 71.0 3589
1764022133376 71.0 3599
1764022134003 71.0 3599
1764022135717 72.0 3609
1764022137288 72.0 3619
1764022138829 72.0 3629
1764022140349 72.0 3639
1764022141765 72.0 3649
1764022142420 72.0 3649
1764022144074 73.0 3659
1764022145627 73.0 3669
1764022147182 73.0 3679
1764022148726 73.0 3689
1764022150199 73.0 3699
1764022150803 73.0 3699
1764022152574 74.0 3709
1764022154124 74.0 3719
1764022155693 74.0 3729
1764022157206 74.0 3739
1764022158676 74.0 3749
1764022159311 74.0 3749
1764022160977 75.0 3759
1764022162498 75.0 3769
1764022164005 75.0 3779
1764022165517 75.0 3789
1764022166920 75.0 3799
1764022167573 75.0 3799
1764022169240 76.0 3809
1764022170753 76.0 3819
1764022172410 76.0 3829
1764022175108 76.0 3839
1764022176543 76.0 3849
1764022177177 76.0 3849
1764022178859 77.0 3859
1764022180371 77.0 3869
1764022181888 77.0 3879
1764022183413 77.0 3889
1764022184895 77.0 3899
1764022185499 77.0 3899
1764022187149 78.0 3909
1764022188666 78.0 3919
1764022190194 78.0 3929
1764022191711 78.0 3939
1764022193195 78.0 3949
1764022193803 78.0 3949
1764022195473 79.0 3959
1764022196997 79.0 3969
1764022198526 79.0 3979
1764022200051 79.0 3989
1764022201469 79.0 3999
1764022202109 79.0 3999
