1764021526360 0.6999381184577942 9
1764021527894 0.6485880017280579 19
1764021529424 0.674971342086792 29
1764021530965 0.591900110244751 39
1764021532606 0.33660274744033813 49
1764021535006 0.4759732484817505 59
1764021536521 0.4082988500595093 69
1764021538033 0.3823767900466919 79
1764021539570 0.3788967728614807 89
1764021541066 0.3870736360549927 99
1764021543357 0.4846878945827484 109
1764021544926 0.3432632088661194 119
1764021546450 0.49330025911331177 129
1764021547982 0.38376468420028687 139
1764021549507 0.3477433919906616 149
1764021551851 0.3983057737350464 159
1764021553364 0.3955395221710205 169
1764021554889 0.4874744415283203 179
1764021556437 0.39252328872680664 189
1764021557969 0.3200245499610901 199
1764021560299 0.43147197365760803 209
1764021561834 0.33332395553588867 219
1764021563356 0.47571465373039246 229
1764021564880 0.28555893898010254 239
1764021566327 0.22294113039970398 249
1764021568728 0.3305063545703888 259
1764021570257 0.45885008573532104 269
1764021571785 0.385262668132782 279
1764021573311 0.3329196274280548 289
1764021574787 0.21589384973049164 299
1764021577118 0.3762137293815613 309
1764021578661 0.28181958198547363 319
1764021580203 0.3167249262332916 329
1764021581728 0.38930076360702515 339
1764021583204 0.21311083436012268 349
1764021585531 0.36583563685417175 359
1764021587046 0.3049265146255493 369
1764021588589 0.3394458293914795 379
1764021590114 0.3340723514556885 389
1764021591558 0.5505949854850769 399
1764021593886 0.44723397493362427 409
1764021595443 0.24191369116306305 419
1764021596989 0.36970221996307373 429
1764021598544 0.3941090703010559 439
1764021600021 0.2910158336162567 449
1764021602450 0.31705576181411743 459
1764021603973 0.3369518220424652 469
1764021605499 0.4387311339378357 479
1764021607001 0.28819558024406433 489
1764021608441 0.5727503299713135 499
1764021610793 0.27506038546562195 509
1764021612342 0.2790266275405884 519
1764021613890 0.31594914197921753 529
1764021615463 0.258794367313385 539
1764021616964 0.4875984191894531 549
1764021619367 0.35857439041137695 559
1764021621021 0.23170194029808044 569
1764021622603 0.36089879274368286 579
1764021624227 0.257077157497406 589
1764021625866 0.2756768763065338 599
1764021628442 0.20318248867988586 609
1764021630003 0.22084426879882812 619
1764021631547 0.35495638847351074 629
1764021633074 0.2973059415817261 639
1764021634520 0.43252360820770264 649
1764021636824 0.22093939781188965 659
1764021638332 0.22557413578033447 669
1764021639841 0.2816106081008911 679
1764021641356 0.26588594913482666 689
1764021642797 0.29181143641471863 699
1764021645025 0.2670668363571167 709
1764021646559 0.29042160511016846 719
1764021648090 0.22515608370304108 729
1764021649637 0.2497408539056778 739
1764021651125 0.2747223377227783 749
1764021653450 0.3028222322463989 759
1764021654979 0.18098315596580505 769
1764021656508 0.1884293258190155 779
1764021658034 0.22826054692268372 789
1764021659479 0.35946348309516907 799
1764021661895 0.26762229204177856 809
1764021663449 0.20313163101673126 819
1764021664963 0.23535451292991638 829
1764021666482 0.19006235897541046 839
1764021667965 0.26092928647994995 849
1764021670324 0.23532332479953766 859
1764021671868 0.18594713509082794 869
1764021673387 0.15815240144729614 879
1764021674902 0.19604666531085968 889
1764021676351 0.1691376119852066 899
1764021678633 0.159046933054924 909
1764021680176 0.11087611317634583 919
1764021681698 0.1554357409477234 929
1764021683222 0.1781991422176361 939
1764021684635 0.22895285487174988 949
1764021686944 0.11829343438148499 959
1764021688480 0.1035713404417038 969
1764021690009 0.1457497477531433 979
1764021692160 0.1719760000705719 989
1764021694373 0.2774709463119507 999
1764021696817 0.10219652205705643 1009
1764021698326 0.1874583661556244 1019
1764021699865 0.09640419483184814 1029
1764021701391 0.16408273577690125 1039
1764021702888 0.18083208799362183 1049
1764021705204 0.1284351348876953 1059
1764021706728 0.0981757640838623 1069
1764021708249 0.07958324253559113 1079
1764021709792 0.08687569200992584 1089
1764021711210 0.2657829821109772 1099
1764021713523 0.09260169416666031 1109
1764021715049 0.1364412009716034 1119
1764021716575 0.1261313557624817 1129
1764021718088 0.16345493495464325 1139
1764021719555 0.20487454533576965 1149
1764021721938 0.0823390781879425 1159
1764021723454 0.08227377384901047 1169
1764021724984 0.08552300930023193 1179
1764021726512 0.09729050099849701 1189
1764021727931 0.33443117141723633 1199
1764021730250 0.07727749645709991 1209
1764021731771 0.08287280797958374 1219
1764021733305 0.07742120325565338 1229
1764021734836 0.06341871619224548 1239
1764021736227 0.27281859517097473 1249
1764021739461 0.07601375877857208 1259
1764021741413 0.06442318856716156 1269
1764021742975 0.0710941031575203 1279
1764021744475 0.05786187946796417 1289
1764021745916 0.2949126362800598 1299
1764021748551 0.08484812080860138 1309
1764021750053 0.07122515887022018 1319
1764021751531 0.12032122910022736 1329
1764021753017 0.06633082777261734 1339
1764021754713 0.12187139689922333 1349
1764021757027 0.087297722697258 1359
1764021758516 0.06277830898761749 1369
1764021760039 0.06018327921628952 1379
1764021761537 0.09564372897148132 1389
1764021762933 0.2911399304866791 1399
1764021765388 0.054213471710681915 1409
1764021766892 0.06883129477500916 1419
1764021768415 0.05073791369795799 1429
1764021769942 0.06592784821987152 1439
1764021771343 0.24381475150585175 1449
1764021773639 0.05805375054478645 1459
1764021775161 0.05217295140028 1469
1764021776673 0.07654088735580444 1479
1764021778197 0.060372352600097656 1489
1764021779637 0.8293015360832214 1499
1764021781977 0.0630117654800415 1509
1764021783507 0.07138995081186295 1519
1764021785033 0.05346618592739105 1529
1764021786563 0.05459393560886383 1539
1764021788053 0.22299954295158386 1549
1764021790424 0.08096393942832947 1559
1764021791955 0.07649074494838715 1569
1764021793456 0.05180870741605759 1579
1764021794977 0.05830587446689606 1589
1764021796396 0.24801120162010193 1599
1764021798722 0.062328703701496124 1609
1764021800243 0.06663021445274353 1619
1764021801764 0.04527589678764343 1629
1764021803279 0.07299341261386871 1639
1764021804702 0.6564605832099915 1649
1764021806991 0.060594357550144196 1659
1764021808519 0.09604834765195847 1669
1764021810044 0.09752185642719269 1679
1764021811574 0.058252234011888504 1689
1764021812993 0.17549723386764526 1699
1764021815321 0.055828750133514404 1709
1764021816853 0.0618843138217926 1719
1764021818371 0.06473851948976517 1729
1764021819897 0.10342514514923096 1739
1764021821372 0.19190263748168945 1749
1764021823684 0.04767943546175957 1759
1764021825210 0.08503519743680954 1769
1764021826715 0.05826869606971741 1779
1764021828243 0.050699930638074875 1789
1764021829645 0.2704468369483948 1799
1764021831959 0.04842118173837662 1809
1764021833471 0.043339915573596954 1819
1764021835001 0.03787034749984741 1829
1764021836535 0.042290717363357544 1839
1764021837944 0.23629328608512878 1849
1764021840315 0.05862202122807503 1859
1764021841836 0.05809152126312256 1869
1764021843353 0.06611523777246475 1879
1764021844879 0.03866072744131088 1889
1764021846289 0.1695556789636612 1899
1764021848598 0.050621990114450455 1909
1764021850148 0.056037187576293945 1919
1764021851665 0.05357995629310608 1929
1764021853143 0.04625990241765976 1939
1764021854592 0.1001732274889946 1949
1764021856848 0.09982126951217651 1959
1764021858373 0.04319183528423309 1969
1764021859910 0.0560140386223793 1979
1764021861462 0.03775109350681305 1989
1764021862961 0.22275513410568237 1999
1764021865309 0.09909625351428986 2009
1764021866854 0.05445444583892822 2019
1764021868377 0.1622268557548523 2029
1764021869908 0.05600219964981079 2039
1764021871343 0.06985141336917877 2049
1764021873603 0.05282273888587952 2059
1764021875104 0.05023544654250145 2069
1764021876634 0.04779311269521713 2079
1764021878146 0.049871042370796204 2089
1764021879647 0.11771534383296967 2099
1764021881996 0.0710018128156662 2109
1764021883548 0.07145731896162033 2119
1764021885064 0.04197188466787338 2129
1764021886590 0.04243207350373268 2139
1764021887980 1.0974061489105225 2149
1764021890322 0.042032673954963684 2159
1764021891844 0.040248677134513855 2169
1764021893355 0.17219296097755432 2179
1764021894882 0.05116342008113861 2189
1764021896294 0.0878971740603447 2199
1764021898609 0.04753526300191879 2209
1764021900152 0.03545963764190674 2219
1764021901691 0.04458922520279884 2229
1764021903213 0.04030412435531616 2239
1764021904625 0.060164641588926315 2249
1764021906996 0.040988851338624954 2259
1764021908503 0.03636657074093819 2269
1764021910017 0.06381016224622726 2279
1764021911537 0.088168665766716 2289
1764021912964 0.2500813901424408 2299
1764021915302 0.06356757879257202 2309
1764021916823 0.046145014464855194 2319
1764021918358 0.04455988109111786 2329
1764021919903 0.08010849356651306 2339
1764021921378 0.2035246640443802 2349
1764021923732 0.11321087181568146 2359
1764021925262 0.10830743610858917 2369
1764021926771 0.11583991348743439 2379
1764021928284 0.15904739499092102 2389
1764021929746 0.18863940238952637 2399
1764021932033 0.16179829835891724 2409
1764021933552 0.06128177046775818 2419
1764021935087 0.04884755238890648 2429
1764021936608 0.04988940432667732 2439
1764021938031 0.19837239384651184 2449
1764021940391 0.15177904069423676 2459
1764021941940 0.04133819043636322 2469
1764021943487 0.04352232813835144 2479
1764021945044 0.05039570480585098 2489
1764021947297 0.08895223587751389 2499
1764021950102 0.044760748744010925 2509
1764021951610 0.05189584195613861 2519
1764021953149 0.048129644244909286 2529
1764021954743 0.049062732607126236 2539
1764021956202 0.17191244661808014 2549
1764021958467 0.05918784439563751 2559
1764021959995 0.043824851512908936 2569
1764021961520 0.04344779625535011 2579
1764021963061 0.049674078822135925 2589
1764021964495 0.1754714697599411 2599
1764021966840 0.047416478395462036 2609
1764021968368 0.03680410981178284 2619
1764021969894 0.03814442455768585 2629
1764021971425 0.037080198526382446 2639
1764021972923 0.17511998116970062 2649
1764021975322 0.04269512742757797 2659
1764021976854 0.041654691100120544 2669
1764021978386 0.05110158771276474 2679
1764021979899 0.06305450201034546 2689
1764021981290 0.09303812682628632 2699
1764021983646 0.04070436954498291 2709
1764021985192 0.03261668235063553 2719
1764021986729 0.034829314798116684 2729
1764021988255 0.0398164838552475 2739
1764021989755 0.17076730728149414 2749
1764021992121 0.03890176862478256 2759
1764021993630 0.03985323756933212 2769
1764021995148 0.036439985036849976 2779
1764021996668 0.03360961377620697 2789
1764021998118 0.09327438473701477 2799
1764022000486 0.03234539180994034 2809
1764022002026 0.034721989184617996 2819
1764022003578 0.03802729398012161 2829
1764022005119 0.028751593083143234 2839
1764022006612 0.04975923150777817 2849
1764022008898 0.03685658425092697 2859
1764022010433 0.037878282368183136 2869
1764022011956 0.03169873356819153 2879
1764022013488 0.03628990799188614 2889
1764022014904 0.14529041945934296 2899
1764022017204 0.035008326172828674 2909
1764022018726 0.05513951927423477 2919
1764022020248 0.03477006405591965 2929
1764022021770 0.03579876571893692 2939
1764022023183 0.9785093069076538 2949
1764022025531 0.03658188134431839 2959
1764022027061 0.033517852425575256 2969
1764022028582 0.031013943254947662 2979
1764022030129 0.027953166514635086 2989
1764022031550 0.07617698609828949 2999
1764022033818 0.0313890166580677 3009
1764022035329 0.027302470058202744 3019
1764022036861 0.03129694610834122 3029
1764022038374 0.026902785524725914 3039
1764022039831 0.08010685443878174 3049
1764022042154 0.041842762380838394 3059
1764022043675 0.036353759467601776 3069
1764022045198 0.02704324945807457 3079
1764022046733 0.029659058898687363 3089
1764022048133 0.13063353300094604 3099
1764022050497 0.03782407194375992 3109
1764022052038 0.025547949597239494 3119
1764022053560 0.027773216366767883 3129
1764022055071 0.02671918272972107 3139
1764022056565 0.06310036778450012 3149
1764022058893 0.03271685540676117 3159
1764022060413 0.034741081297397614 3169
1764022061929 0.028171077370643616 3179
1764022063461 0.03239121288061142 3189
1764022065404 0.06798939406871796 3199
1764022069093 0.037728361785411835 3209
1764022070633 0.04214920848608017 3219
1764022072148 0.06315191090106964 3229
1764022073665 0.03453543409705162 3239
1764022075074 0.048621535301208496 3249
1764022077386 0.05585530772805214 3259
1764022078927 0.036068178713321686 3269
1764022080457 0.031298667192459106 3279
1764022081970 0.03150956332683563 3289
1764022083377 0.13892967998981476 3299
1764022085691 0.08387880772352219 3309
1764022087225 0.0797051340341568 3319
1764022088746 0.0422765389084816 3329
1764022090282 0.05685475468635559 3339
1764022091719 0.08694741874933243 3349
1764022094050 0.03593744710087776 3359
1764022095595 0.0319829061627388 3369
1764022097121 0.030064253136515617 3379
1764022098643 0.0346168577671051 3389
1764022100091 0.08880290389060974 3399
1764022102458 0.038734860718250275 3409
1764022104000 0.03130873292684555 3419
1764022105521 0.02843737229704857 3429
1764022107056 0.02996586263179779 3439
1764022108479 0.0729411244392395 3449
1764022110827 0.03373631089925766 3459
1764022112342 0.03463830426335335 3469
1764022113842 0.03550161421298981 3479
1764022115336 0.0308837853372097 3489
1764022116742 0.8348785042762756 3499
1764022118999 0.09964348375797272 3509
1764022120548 0.06590530276298523 3519
1764022122066 0.07251258939504623 3529
1764022123582 0.08024406433105469 3539
1764022124996 0.1028108149766922 3549
1764022127308 0.08430545032024384 3559
1764022128853 0.042987458407878876 3569
1764022130386 0.0484587699174881 3579
1764022131943 0.039647188037633896 3589
1764022133376 0.10463069379329681 3599
1764022135717 0.03493640571832657 3609
1764022137288 0.03525730222463608 3619
1764022138829 0.04061594232916832 3629
1764022140349 0.039418600499629974 3639
1764022141765 0.9692220687866211 3649
1764022144074 0.05221632122993469 3659
1764022145627 0.041308704763650894 3669
1764022147182 0.04703274369239807 3679
1764022148726 0.0321396142244339 3689
1764022150199 0.09445591270923615 3699
1764022152574 0.03934134542942047 3709
1764022154124 0.04234517738223076 3719
1764022155693 0.03330054134130478 3729
1764022157206 0.027867034077644348 3739
1764022158676 0.07253953069448471 3749
1764022160977 0.027038855478167534 3759
1764022162498 0.04500845819711685 3769
1764022164005 0.025820428505539894 3779
1764022165517 0.025728940963745117 3789
1764022166920 0.6169834136962891 3799
1764022169240 0.03178827464580536 3809
1764022170753 0.02767046168446541 3819
1764022172410 0.03427566960453987 3829
1764022175108 0.034248240292072296 3839
1764022176543 0.08346602320671082 3849
1764022178859 0.02959025464951992 3859
1764022180371 0.02933197095990181 3869
1764022181888 0.026010895147919655 3879
1764022183413 0.026074856519699097 3889
1764022184895 0.07983383536338806 3899
1764022187149 0.02823014371097088 3909
1764022188666 0.02757522463798523 3919
1764022190194 0.03044234775006771 3929
1764022191711 0.05124713480472565 3939
1764022193195 0.11496749520301819 3949
1764022195473 0.04660196974873543 3959
1764022196997 0.04228980466723442 3969
1764022198526 0.03473029285669327 3979
1764022200051 0.03374356031417847 3989
1764022201469 0.08225324749946594 3999
