1764692855237 0.0 9
1764692856356 0.0 19
1764692858888 0.0 27
1764692859160 1.0 29
1764692860274 1.0 39
1764692861388 1.0 49
1764692862164 1.0 55
1764692862621 2.0 59
1764692863738 2.0 69
1764692864852 2.0 79
1764692865426 2.0 83
1764692866102 3.0 89
1764692867215 3.0 99
1764692868328 3.0 109
1764692868662 3.0 111
1764692869561 4.0 119
1764692870686 4.0 129
1764692871780 4.0 139
1764692871927 4.0 139
1764692873043 5.0 149
1764692874158 5.0 159
1764692875159 5.0 167
1764692875394 6.0 169
1764692876509 6.0 179
1764692877629 6.0 189
1764692878400 6.0 195
1764692878853 7.0 199
1764692879967 7.0 209
1764692881081 7.0 219
1764692881637 7.0 223
1764692882312 8.0 229
1764692883423 8.0 239
1764692884569 8.0 249
1764692884907 8.0 251
1764692885804 9.0 259
1764692886921 9.0 269
1764692888008 9.0 279
1764692888164 9.0 279
1764692889284 10.0 289
1764692890399 10.0 299
1764692891396 10.0 307
1764692891672 11.0 309
1764692892789 11.0 319
1764692893902 11.0 329
1764692894687 11.0 335
1764692895141 12.0 339
1764692896276 12.0 349
1764692897394 12.0 359
1764692897952 12.0 363
1764692898630 13.0 369
1764692899756 13.0 379
1764692900871 13.0 389
1764692901203 13.0 391
1764692902100 14.0 399
1764692903211 14.0 409
1764692904303 14.0 419
1764692904442 14.0 419
1764692905626 15.0 429
1764692906744 15.0 439
1764692907754 15.0 447
1764692907996 16.0 449
1764692909110 16.0 459
1764692910224 16.0 469
1764692911016 16.0 475
1764692911468 17.0 479
1764692912580 17.0 489
1764692913696 17.0 499
1764692914248 17.0 503
1764692914920 18.0 509
1764692916036 18.0 519
1764692917146 18.0 529
1764692917478 18.0 531
1764692918378 19.0 539
1764692919502 19.0 549
1764692920593 19.0 559
1764692920744 19.0 559
1764692921863 20.0 569
1764692922979 20.0 579
1764692923979 20.0 587
1764692924212 21.0 589
1764692925331 21.0 599
1764692926452 21.0 609
1764692927230 21.0 615
1764692927681 22.0 619
1764692928796 22.0 629
1764692929915 22.0 639
1764692930471 22.0 643
1764692931155 23.0 649
1764692932268 23.0 659
1764692933381 23.0 669
1764692933713 23.0 671
1764692934612 24.0 679
1764692935726 24.0 689
1764692936812 24.0 699
1764692936950 24.0 699
1764692938069 25.0 709
1764692939182 25.0 719
1764692940183 25.0 727
1764692940417 26.0 729
1764692941538 26.0 739
1764692942656 26.0 749
1764692943438 26.0 755
1764692943946 27.0 759
1764692945100 27.0 769
1764692946227 27.0 779
1764692946826 27.0 783
1764692947509 28.0 789
1764692948632 28.0 799
1764692949761 28.0 809
1764692950128 28.0 811
1764692951087 29.0 819
1764692952220 29.0 829
1764692953358 29.0 839
1764692953503 29.0 839
1764692954627 30.0 849
1764692955756 30.0 859
1764692956760 30.0 867
1764692956991 31.0 869
1764692958109 31.0 879
1764692959230 31.0 889
1764692960022 31.0 895
1764692960491 32.0 899
1764692961615 32.0 909
1764692962733 32.0 919
1764692963292 32.0 923
