1764692855237 0.6997612118721008 9
1764692856356 0.6030558943748474 19
1764692859160 0.3467637598514557 29
1764692860274 0.30229702591896057 39
1764692861388 0.2890603244304657 49
1764692862621 0.19372038543224335 59
1764692863738 0.16654936969280243 69
1764692864852 0.18175141513347626 79
1764692866102 0.1799740046262741 89
1764692867215 0.10857554525136948 99
1764692868328 0.13421303033828735 109
1764692869561 0.08712378144264221 119
1764692870686 0.11132469028234482 129
1764692871780 0.10997441411018372 139
1764692873043 0.09786452353000641 149
1764692874158 0.0718713030219078 159
1764692875394 0.057004544883966446 169
1764692876509 0.06005368009209633 179
1764692877629 0.09366011619567871 189
1764692878853 0.13954946398735046 199
1764692879967 0.059439294040203094 209
1764692881081 0.05944376438856125 219
1764692882312 0.04420427232980728 229
1764692883423 0.06822080165147781 239
1764692884569 0.04516913741827011 249
1764692885804 0.05296662449836731 259
1764692886921 0.03382060304284096 269
1764692888008 0.03862311318516731 279
1764692889284 0.040541913360357285 289
1764692890399 0.0681181252002716 299
1764692891672 0.03688088059425354 309
1764692892789 0.034050703048706055 319
1764692893902 0.03985344618558884 329
1764692895141 0.04140375927090645 339
1764692896276 0.05224970355629921 349
1764692897394 0.03863023594021797 359
1764692898630 0.030834171921014786 369
1764692899756 0.03653128072619438 379
1764692900871 0.03552205115556717 389
1764692902100 0.032564181834459305 399
1764692903211 0.03593291714787483 409
1764692904303 0.06381907314062119 419
1764692905626 0.04969143494963646 429
1764692906744 0.03504355251789093 439
1764692907996 0.042200297117233276 449
1764692909110 0.06406134366989136 459
1764692910224 0.026869673281908035 469
1764692911468 0.041335105895996094 479
1764692912580 0.02751733362674713 489
1764692913696 0.03079865500330925 499
1764692914920 0.028681552037596703 509
1764692916036 0.04004637524485588 519
1764692917146 0.053309183567762375 529
1764692918378 0.028406135737895966 539
1764692919502 0.030428193509578705 549
1764692920593 0.13720624148845673 559
1764692921863 0.029833277687430382 569
1764692922979 0.026964690536260605 579
1764692924212 0.03771236911416054 589
1764692925331 0.0341455340385437 599
1764692926452 0.025280416011810303 609
1764692927681 0.023936577141284943 619
1764692928796 0.023200945928692818 629
1764692929915 0.04676716774702072 639
1764692931155 0.04892084002494812 649
1764692932268 0.041644465178251266 659
1764692933381 0.03245268762111664 669
1764692934612 0.05773546174168587 679
1764692935726 0.026978354901075363 689
1764692936812 0.0325823612511158 699
1764692938069 0.035528913140296936 709
1764692939182 0.030033010989427567 719
1764692940417 0.025832809507846832 729
1764692941538 0.049514271318912506 739
1764692942656 0.024297138676047325 749
1764692943946 0.02253308705985546 759
1764692945100 0.030031219124794006 769
1764692946227 0.024175290018320084 779
1764692947509 0.03235474228858948 789
1764692948632 0.04656380042433739 799
1764692949761 0.022031424567103386 809
1764692951087 0.04506126791238785 819
1764692952220 0.024637246504426003 829
1764692953358 0.02641937881708145 839
1764692954627 0.060515210032463074 849
1764692955756 0.02553608827292919 859
1764692956991 0.028753232210874557 869
1764692958109 0.025366824120283127 879
1764692959230 0.024472292512655258 889
1764692960491 0.030960271134972572 899
1764692961615 0.02763892337679863 909
1764692962733 0.03925639018416405 919
