1763999179510 0.0 9
1763999180528 0.0 19
1763999181536 0.0 29
1763999182584 0.0 39
1763999184964 0.0 49
1763999185518 0.0 49
1763999186972 1.0 59
1763999187980 1.0 69
1763999188988 1.0 79
1763999189995 1.0 89
1763999190959 1.0 99
1763999191322 1.0 99
1763999192711 2.0 109
1763999193717 2.0 119
1763999194723 2.0 129
1763999195728 2.0 139
1763999196683 2.0 149
1763999197014 2.0 149
1763999198464 3.0 159
1763999199469 3.0 169
1763999200475 3.0 179
1763999201480 3.0 189
1763999202428 3.0 199
1763999202768 3.0 199
1763999204094 4.0 209
1763999205100 4.0 219
1763999206105 4.0 229
1763999207111 4.0 239
1763999208054 4.0 249
1763999208397 4.0 249
1763999209800 5.0 259
1763999210807 5.0 269
1763999211813 5.0 279
1763999212819 5.0 289
1763999213772 5.0 299
1763999214102 5.0 299
1763999215476 6.0 309
1763999216483 6.0 319
1763999217490 6.0 329
1763999218496 6.0 339
1763999219448 6.0 349
1763999219801 6.0 349
1763999221374 7.0 359
1763999222386 7.0 369
1763999223394 7.0 379
1763999224401 7.0 389
1763999225352 7.0 399
1763999225732 7.0 399
1763999227002 8.0 409
1763999228007 8.0 419
1763999229012 8.0 429
1763999230018 8.0 439
1763999230975 8.0 449
1763999231356 8.0 449
1763999232665 9.0 459
1763999233671 9.0 469
1763999234677 9.0 479
1763999235684 9.0 489
1763999236629 9.0 499
1763999236967 9.0 499
1763999238325 10.0 509
1763999239330 10.0 519
1763999240336 10.0 529
1763999241343 10.0 539
1763999242290 10.0 549
1763999242636 10.0 549
1763999243923 11.0 559
1763999244926 11.0 569
1763999245930 11.0 579
1763999246938 11.0 589
1763999247893 11.0 599
1763999248242 11.0 599
1763999249516 12.0 609
1763999250523 12.0 619
1763999251532 12.0 629
1763999252537 12.0 639
1763999253489 12.0 649
1763999253829 12.0 649
1763999255092 13.0 659
1763999256097 13.0 669
1763999257103 13.0 679
1763999258109 13.0 689
1763999259056 13.0 699
1763999259395 13.0 699
1763999260659 14.0 709
1763999261663 14.0 719
1763999262670 14.0 729
1763999263676 14.0 739
1763999264632 14.0 749
1763999264973 14.0 749
1763999266273 15.0 759
1763999267282 15.0 769
1763999268288 15.0 779
1763999269295 15.0 789
1763999270242 15.0 799
1763999270578 15.0 799
1763999271913 16.0 809
1763999272916 16.0 819
1763999273921 16.0 829
1763999274926 16.0 839
1763999275872 16.0 849
1763999276211 16.0 849
1763999277496 17.0 859
1763999278500 17.0 869
1763999279506 17.0 879
1763999280513 17.0 889
1763999281461 17.0 899
1763999281803 17.0 899
1763999283113 18.0 909
1763999284121 18.0 919
1763999285127 18.0 929
1763999286133 18.0 939
1763999287079 18.0 949
1763999287419 18.0 949
1763999288716 19.0 959
1763999289746 19.0 969
1763999290752 19.0 979
1763999291756 19.0 989
1763999292706 19.0 999
1763999293044 19.0 999
1763999294298 20.0 1009
1763999295305 20.0 1019
1763999296310 20.0 1029
1763999297317 20.0 1039
1763999298263 20.0 1049
1763999298604 20.0 1049
1763999299915 21.0 1059
1763999300920 21.0 1069
1763999301928 21.0 1079
1763999302933 21.0 1089
1763999303873 21.0 1099
1763999304217 21.0 1099
1763999305531 22.0 1109
1763999306536 22.0 1119
1763999307543 22.0 1129
1763999308549 22.0 1139
1763999309492 22.0 1149
1763999309832 22.0 1149
1763999311114 23.0 1159
1763999312120 23.0 1169
1763999313127 23.0 1179
1763999314135 23.0 1189
1763999315099 23.0 1199
1763999315509 23.0 1199
1763999316787 24.0 1209
1763999317794 24.0 1219
1763999318819 24.0 1229
1763999319831 24.0 1239
1763999320811 24.0 1249
1763999321159 24.0 1249
1763999322466 25.0 1259
1763999323472 25.0 1269
1763999324477 25.0 1279
1763999325482 25.0 1289
1763999326426 25.0 1299
1763999326772 25.0 1299
1763999328289 26.0 1309
1763999329292 26.0 1319
1763999330294 26.0 1329
1763999331299 26.0 1339
1763999332240 26.0 1349
1763999332578 26.0 1349
1763999333838 27.0 1359
1763999334844 27.0 1369
1763999335847 27.0 1379
1763999336851 27.0 1389
1763999337809 27.0 1399
1763999338142 27.0 1399
1763999339521 28.0 1409
1763999340526 28.0 1419
1763999341531 28.0 1429
1763999342536 28.0 1439
1763999343481 28.0 1449
1763999343821 28.0 1449
1763999345160 29.0 1459
1763999346165 29.0 1469
1763999347171 29.0 1479
1763999348176 29.0 1489
1763999349119 29.0 1499
1763999349461 29.0 1499
1763999350746 30.0 1509
1763999351750 30.0 1519
1763999352759 30.0 1529
1763999353764 30.0 1539
1763999354713 30.0 1549
1763999355052 30.0 1549
1763999356356 31.0 1559
1763999357360 31.0 1569
1763999358366 31.0 1579
1763999359373 31.0 1589
1763999360314 31.0 1599
1763999360662 31.0 1599
1763999361963 32.0 1609
1763999362972 32.0 1619
1763999363981 32.0 1629
1763999364987 32.0 1639
1763999365952 32.0 1649
1763999366284 32.0 1649
1763999367566 33.0 1659
1763999368570 33.0 1669
1763999369577 33.0 1679
1763999370583 33.0 1689
1763999371532 33.0 1699
1763999371863 33.0 1699
1763999373159 34.0 1709
1763999374179 34.0 1719
1763999375184 34.0 1729
1763999376187 34.0 1739
1763999377131 34.0 1749
1763999377470 34.0 1749
1763999378734 35.0 1759
1763999379739 35.0 1769
1763999380745 35.0 1779
1763999381750 35.0 1789
1763999382700 35.0 1799
1763999383041 35.0 1799
1763999384281 36.0 1809
1763999385286 36.0 1819
1763999386291 36.0 1829
1763999387296 36.0 1839
1763999388240 36.0 1849
1763999388579 36.0 1849
1763999389822 37.0 1859
1763999390829 37.0 1869
1763999391833 37.0 1879
1763999392838 37.0 1889
1763999393794 37.0 1899
1763999394126 37.0 1899
1763999395396 38.0 1909
1763999396401 38.0 1919
1763999397405 38.0 1929
1763999398411 38.0 1939
1763999399355 38.0 1949
1763999399690 38.0 1949
1763999400988 39.0 1959
1763999401992 39.0 1969
1763999402999 39.0 1979
1763999404005 39.0 1989
1763999404945 39.0 1999
1763999405284 39.0 1999
1763999406537 40.0 2009
1763999407544 40.0 2019
1763999408583 40.0 2029
1763999409593 40.0 2039
1763999410588 40.0 2049
1763999410939 40.0 2049
1763999412215 41.0 2059
1763999413221 41.0 2069
1763999414230 41.0 2079
1763999415235 41.0 2089
1763999416176 41.0 2099
1763999416515 41.0 2099
1763999417858 42.0 2109
1763999418877 42.0 2119
1763999419889 42.0 2129
1763999420899 42.0 2139
1763999421916 42.0 2149
1763999422302 42.0 2149
1763999423790 43.0 2159
1763999424801 43.0 2169
1763999425819 43.0 2179
1763999426834 43.0 2189
1763999427782 43.0 2199
1763999428121 43.0 2199
1763999429400 44.0 2209
1763999430410 44.0 2219
1763999431421 44.0 2229
1763999432435 44.0 2239
1763999433383 44.0 2249
1763999433723 44.0 2249
1763999435120 45.0 2259
1763999436130 45.0 2269
1763999437139 45.0 2279
1763999438157 45.0 2289
1763999439101 45.0 2299
1763999439456 45.0 2299
1763999440720 46.0 2309
1763999441743 46.0 2319
1763999442754 46.0 2329
1763999443822 46.0 2339
1763999444825 46.0 2349
1763999445179 46.0 2349
1763999446457 47.0 2359
1763999447461 47.0 2369
1763999448468 47.0 2379
1763999449473 47.0 2389
1763999450426 47.0 2399
1763999450767 47.0 2399
1763999452006 48.0 2409
1763999453012 48.0 2419
1763999454017 48.0 2429
1763999455022 48.0 2439
1763999455964 48.0 2449
1763999456306 48.0 2449
1763999457638 49.0 2459
1763999458645 49.0 2469
1763999459674 49.0 2479
1763999460679 49.0 2489
1763999461637 49.0 2499
1763999461973 49.0 2499
1763999463271 50.0 2509
1763999464280 50.0 2519
1763999465285 50.0 2529
1763999466291 50.0 2539
1763999467232 50.0 2549
1763999467570 50.0 2549
1763999468904 51.0 2559
1763999469911 51.0 2569
1763999470919 51.0 2579
1763999471943 51.0 2589
1763999472944 51.0 2599
1763999473291 51.0 2599
1763999474588 52.0 2609
1763999475606 52.0 2619
1763999476619 52.0 2629
1763999477625 52.0 2639
1763999478568 52.0 2649
1763999478904 52.0 2649
1763999480252 53.0 2659
1763999481258 53.0 2669
1763999482273 53.0 2679
1763999483289 53.0 2689
1763999484246 53.0 2699
1763999484590 53.0 2699
1763999485896 54.0 2709
1763999486901 54.0 2719
1763999487907 54.0 2729
1763999488914 54.0 2739
1763999489869 54.0 2749
1763999490214 54.0 2749
1763999491480 55.0 2759
1763999492485 55.0 2769
1763999493492 55.0 2779
1763999494500 55.0 2789
1763999495442 55.0 2799
1763999495781 55.0 2799
1763999497032 56.0 2809
1763999498039 56.0 2819
1763999499044 56.0 2829
1763999500051 56.0 2839
1763999501025 56.0 2849
1763999501379 56.0 2849
1763999502748 57.0 2859
1763999503756 57.0 2869
1763999504765 57.0 2879
1763999505771 57.0 2889
1763999506716 57.0 2899
1763999507089 57.0 2899
1763999508408 58.0 2909
1763999509431 58.0 2919
1763999510447 58.0 2929
1763999511468 58.0 2939
1763999512441 58.0 2949
1763999512777 58.0 2949
1763999514079 59.0 2959
1763999515088 59.0 2969
1763999516096 59.0 2979
1763999517104 59.0 2989
1763999518046 59.0 2999
1763999518394 59.0 2999
1763999519651 60.0 3009
1763999520657 60.0 3019
1763999521668 60.0 3029
1763999522680 60.0 3039
1763999523641 60.0 3049
1763999524008 60.0 3049
1763999525307 61.0 3059
1763999526324 61.0 3069
1763999527338 61.0 3079
1763999528359 61.0 3089
1763999529303 61.0 3099
1763999529654 61.0 3099
1763999530969 62.0 3109
1763999532048 62.0 3119
1763999533058 62.0 3129
1763999534079 62.0 3139
1763999535043 62.0 3149
1763999535398 62.0 3149
1763999536704 63.0 3159
1763999537716 63.0 3169
1763999538723 63.0 3179
1763999539749 63.0 3189
1763999540722 63.0 3199
1763999541089 63.0 3199
1763999542430 64.0 3209
1763999543446 64.0 3219
1763999544456 64.0 3229
1763999545467 64.0 3239
1763999546425 64.0 3249
1763999546765 64.0 3249
1763999548016 65.0 3259
1763999549060 65.0 3269
1763999550106 65.0 3279
1763999551127 65.0 3289
1763999552077 65.0 3299
1763999552417 65.0 3299
1763999553805 66.0 3309
1763999554847 66.0 3319
1763999555858 66.0 3329
1763999556869 66.0 3339
1763999557825 66.0 3349
1763999558166 66.0 3349
1763999559409 67.0 3359
1763999560428 67.0 3369
1763999561439 67.0 3379
1763999562446 67.0 3389
1763999563398 67.0 3399
1763999563742 67.0 3399
1763999565133 68.0 3409
1763999566150 68.0 3419
1763999567164 68.0 3429
1763999568189 68.0 3439
1763999569151 68.0 3449
1763999569482 68.0 3449
1763999570835 69.0 3459
1763999571849 69.0 3469
1763999572861 69.0 3479
1763999573875 69.0 3489
1763999574819 69.0 3499
1763999575157 69.0 3499
1763999576388 70.0 3509
1763999577395 70.0 3519
1763999578400 70.0 3529
1763999579405 70.0 3539
1763999580346 70.0 3549
1763999580685 70.0 3549
1763999582001 71.0 3559
1763999583013 71.0 3569
1763999584026 71.0 3579
1763999585037 71.0 3589
1763999586004 71.0 3599
1763999586340 71.0 3599
1763999587570 72.0 3609
1763999588576 72.0 3619
1763999589589 72.0 3629
1763999590611 72.0 3639
1763999591559 72.0 3649
1763999591904 72.0 3649
1763999593179 73.0 3659
1763999594203 73.0 3669
1763999595210 73.0 3679
1763999596217 73.0 3689
1763999597163 73.0 3699
1763999597505 73.0 3699
1763999598743 74.0 3709
1763999599750 74.0 3719
1763999600755 74.0 3729
1763999601763 74.0 3739
1763999602701 74.0 3749
1763999603040 74.0 3749
1763999604499 75.0 3759
1763999605504 75.0 3769
1763999606523 75.0 3779
1763999607530 75.0 3789
1763999608469 75.0 3799
1763999608811 75.0 3799
1763999610059 76.0 3809
1763999611065 76.0 3819
1763999612070 76.0 3829
1763999613075 76.0 3839
1763999614022 76.0 3849
1763999614358 76.0 3849
1763999615692 77.0 3859
1763999616698 77.0 3869
1763999617704 77.0 3879
1763999618733 77.0 3889
1763999619685 77.0 3899
1763999620025 77.0 3899
1763999621387 78.0 3909
1763999622401 78.0 3919
1763999623408 78.0 3929
1763999624413 78.0 3939
1763999625357 78.0 3949
1763999625698 78.0 3949
1763999627074 79.0 3959
1763999628081 79.0 3969
1763999629088 79.0 3979
1763999630106 79.0 3989
1763999631090 79.0 3999
1763999631443 79.0 3999
