1763999179510 0.7640450596809387 9
1763999180528 0.4875039756298065 19
1763999181536 0.48604774475097656 29
1763999182584 0.5623172521591187 39
1763999184964 0.5682595372200012 49
1763999186972 0.5160133838653564 59
1763999187980 0.41087305545806885 69
1763999188988 0.33539336919784546 79
1763999189995 0.4182431995868683 89
1763999190959 0.45321977138519287 99
1763999192711 0.31602269411087036 109
1763999193717 0.30308467149734497 119
1763999194723 0.27789032459259033 129
1763999195728 0.28819596767425537 139
1763999196683 0.47248947620391846 149
1763999198464 0.3127959370613098 159
1763999199469 0.24933797121047974 169
1763999200475 0.2619825601577759 179
1763999201480 0.26250195503234863 189
1763999202428 0.3690899908542633 199
1763999204094 0.30342307686805725 209
1763999205100 0.3098812699317932 219
1763999206105 0.19305500388145447 229
1763999207111 0.2736421227455139 239
1763999208054 0.38769832253456116 249
1763999209800 0.22709743678569794 259
1763999210807 0.5275247097015381 269
1763999211813 0.2455068826675415 279
1763999212819 0.2572503089904785 289
1763999213772 0.34911322593688965 299
1763999215476 0.2651938796043396 309
1763999216483 0.19734609127044678 319
1763999217490 0.22642585635185242 329
1763999218496 0.20674929022789001 339
1763999219448 0.40518879890441895 349
1763999221374 0.1949397623538971 359
1763999222386 0.1828208863735199 369
1763999223394 0.22749581933021545 379
1763999224401 0.35419201850891113 389
1763999225352 0.1826276034116745 399
1763999227002 0.1926567405462265 409
1763999228007 0.1936430037021637 419
1763999229012 0.22905687987804413 429
1763999230018 0.23518654704093933 439
1763999230975 0.22143585979938507 449
1763999232665 0.1863526850938797 459
1763999233671 0.1396137773990631 469
1763999234677 0.14302638173103333 479
1763999235684 0.22476783394813538 489
1763999236629 0.23479828238487244 499
1763999238325 0.1486639678478241 509
1763999239330 0.2745867371559143 519
1763999240336 0.21344782412052155 529
1763999241343 0.20135879516601562 539
1763999242290 0.28772926330566406 549
1763999243923 0.153682142496109 559
1763999244926 0.11846154928207397 569
1763999245930 0.12422782182693481 579
1763999246938 0.21549949049949646 589
1763999247893 0.2316090613603592 599
1763999249516 0.23196466267108917 609
1763999250523 0.1678188145160675 619
1763999251532 0.10161608457565308 629
1763999252537 0.14925231039524078 639
1763999253489 0.266293466091156 649
1763999255092 0.13547250628471375 659
1763999256097 0.11711594462394714 669
1763999257103 0.1154085099697113 679
1763999258109 0.11518438905477524 689
1763999259056 0.14387698471546173 699
1763999260659 0.10250446200370789 709
1763999261663 0.10655317455530167 719
1763999262670 0.09875067323446274 729
1763999263676 0.11634023487567902 739
1763999264632 0.10139397531747818 749
1763999266273 0.10167036950588226 759
1763999267282 0.08865928649902344 769
1763999268288 0.12516719102859497 779
1763999269295 0.07959435135126114 789
1763999270242 0.14961208403110504 799
1763999271913 0.09088252484798431 809
1763999272916 0.09081656485795975 819
1763999273921 0.09807138890028 829
1763999274926 0.16802704334259033 839
1763999275872 0.17089036107063293 849
1763999277496 0.17046117782592773 859
1763999278500 0.08867152035236359 869
1763999279506 0.0984693244099617 879
1763999280513 0.13499991595745087 889
1763999281461 0.13450348377227783 899
1763999283113 0.06766825914382935 909
1763999284121 0.07603245973587036 919
1763999285127 0.07465401291847229 929
1763999286133 0.07588677853345871 939
1763999287079 0.17806540429592133 949
1763999288716 0.07897527515888214 959
1763999289746 0.0668000727891922 969
1763999290752 0.06917326152324677 979
1763999291756 0.06298738718032837 989
1763999292706 0.11413045227527618 999
1763999294298 0.06297117471694946 1009
1763999295305 0.060251832008361816 1019
1763999296310 0.07552263885736465 1029
1763999297317 0.052783042192459106 1039
1763999298263 0.17352744936943054 1049
1763999299915 0.06120464205741882 1059
1763999300920 0.05883965641260147 1069
1763999301928 0.058369286358356476 1079
1763999302933 0.06127225607633591 1089
1763999303873 0.11504382640123367 1099
1763999305531 0.05501977726817131 1109
1763999306536 0.05599203333258629 1119
1763999307543 0.04925602301955223 1129
1763999308549 0.04902651160955429 1139
1763999309492 0.10853506624698639 1149
1763999311114 0.054757267236709595 1159
1763999312120 0.047862935811281204 1169
1763999313127 0.05415795370936394 1179
1763999314135 0.06289982050657272 1189
1763999315099 0.08810527622699738 1199
1763999316787 0.06638014316558838 1209
1763999317794 0.054799601435661316 1219
1763999318819 0.0604289174079895 1229
1763999319831 0.046080633997917175 1239
1763999320811 0.10118957608938217 1249
1763999322466 0.04959537833929062 1259
1763999323472 0.03451099246740341 1269
1763999324477 0.04596320539712906 1279
1763999325482 0.05287199467420578 1289
1763999326426 0.11322928965091705 1299
1763999328289 0.054007478058338165 1309
1763999329292 0.05512901023030281 1319
1763999330294 0.055523864924907684 1329
1763999331299 0.06830885261297226 1339
1763999332240 0.15226846933364868 1349
1763999333838 0.08192326873540878 1359
1763999334844 0.06842023879289627 1369
1763999335847 0.06343060731887817 1379
1763999336851 0.05258003622293472 1389
1763999337809 0.10196051746606827 1399
1763999339521 0.05683862790465355 1409
1763999340526 0.04653672128915787 1419
1763999341531 0.05615965649485588 1429
1763999342536 0.05327139049768448 1439
1763999343481 0.06284438073635101 1449
1763999345160 0.03952440246939659 1459
1763999346165 0.040142059326171875 1469
1763999347171 0.04393778368830681 1479
1763999348176 0.040959786623716354 1489
1763999349119 0.11058304458856583 1499
1763999350746 0.04567886143922806 1509
1763999351750 0.051362838596105576 1519
1763999352759 0.0486503504216671 1529
1763999353764 0.048345498740673065 1539
1763999354713 0.08303477615118027 1549
1763999356356 0.05032280087471008 1559
1763999357360 0.04061964526772499 1569
1763999358366 0.038085922598838806 1579
1763999359373 0.039559364318847656 1589
1763999360314 0.09675798565149307 1599
1763999361963 0.04527164250612259 1609
1763999362972 0.04101981967687607 1619
1763999363981 0.04716318100690842 1629
1763999364987 0.04092039540410042 1639
1763999365952 0.05523598939180374 1649
1763999367566 0.03726206347346306 1659
1763999368570 0.04014287516474724 1669
1763999369577 0.04663173109292984 1679
1763999370583 0.033442333340644836 1689
1763999371532 0.04627952352166176 1699
1763999373159 0.03748318552970886 1709
1763999374179 0.036948613822460175 1719
1763999375184 0.041714996099472046 1729
1763999376187 0.041542697697877884 1739
1763999377131 0.08547721058130264 1749
1763999378734 0.03705606237053871 1759
1763999379739 0.05982952564954758 1769
1763999380745 0.03562168776988983 1779
1763999381750 0.04420238733291626 1789
1763999382700 0.07129715383052826 1799
1763999384281 0.04287072271108627 1809
1763999385286 0.043414536863565445 1819
1763999386291 0.03069346770644188 1829
1763999387296 0.03815770149230957 1839
1763999388240 0.07277907431125641 1849
1763999389822 0.03728766739368439 1859
1763999390829 0.039645999670028687 1869
1763999391833 0.039616454392671585 1879
1763999392838 0.029490873217582703 1889
1763999393794 0.1288391649723053 1899
1763999395396 0.1769447922706604 1909
1763999396401 0.07256768643856049 1919
1763999397405 0.04692557826638222 1929
1763999398411 0.04053758829832077 1939
1763999399355 0.05599283427000046 1949
1763999400988 0.03630279749631882 1959
1763999401992 0.041695643216371536 1969
1763999402999 0.03357088193297386 1979
1763999404005 0.03748335689306259 1989
1763999404945 0.06002696976065636 1999
1763999406537 0.04731283336877823 2009
1763999407544 0.035977207124233246 2019
1763999408583 0.03158285468816757 2029
1763999409593 0.03341032564640045 2039
1763999410588 0.062120646238327026 2049
1763999412215 0.03100399859249592 2059
1763999413221 0.03454170376062393 2069
1763999414230 0.04355281591415405 2079
1763999415235 0.045059747993946075 2089
1763999416176 0.0741196721792221 2099
1763999417858 0.03367825224995613 2109
1763999418877 0.03560710698366165 2119
1763999419889 0.03789030760526657 2129
1763999420899 0.0312851220369339 2139
1763999421916 0.14363187551498413 2149
1763999423790 0.053483545780181885 2159
1763999424801 0.05036456137895584 2169
1763999425819 0.04099363461136818 2179
1763999426834 0.0429072305560112 2189
1763999427782 0.08558423072099686 2199
1763999429400 0.03992760181427002 2209
1763999430410 0.09428588300943375 2219
1763999431421 0.0438607856631279 2229
1763999432435 0.052121859043836594 2239
1763999433383 0.12179956585168839 2249
1763999435120 0.05200637876987457 2259
1763999436130 0.04784335568547249 2269
1763999437139 0.04805070534348488 2279
1763999438157 0.04521661251783371 2289
1763999439101 0.05025796592235565 2299
1763999440720 0.04224930703639984 2309
1763999441743 0.037023551762104034 2319
1763999442754 0.04350629448890686 2329
1763999443822 0.03280890733003616 2339
1763999444825 0.06247706338763237 2349
1763999446457 0.032814811915159225 2359
1763999447461 0.04657848924398422 2369
1763999448468 0.04478839784860611 2379
1763999449473 0.02867724560201168 2389
1763999450426 0.07270632684230804 2399
1763999452006 0.038406480103731155 2409
1763999453012 0.03055078722536564 2419
1763999454017 0.03940898925065994 2429
1763999455022 0.037932202219963074 2439
1763999455964 0.08455686271190643 2449
1763999457638 0.03316909447312355 2459
1763999458645 0.08499317616224289 2469
1763999459674 0.03624584525823593 2479
1763999460679 0.04264731705188751 2489
1763999461637 0.08437777310609818 2499
1763999463271 0.04619031399488449 2509
1763999464280 0.03663640841841698 2519
1763999465285 0.029586948454380035 2529
1763999466291 0.031092368066310883 2539
1763999467232 0.05461570993065834 2549
1763999468904 0.03569858521223068 2559
1763999469911 0.03133533149957657 2569
1763999470919 0.04220320284366608 2579
1763999471943 0.025764722377061844 2589
1763999472944 0.07013572752475739 2599
1763999474588 0.04170890152454376 2609
1763999475606 0.03589801490306854 2619
1763999476619 0.026997532695531845 2629
1763999477625 0.02780020982027054 2639
1763999478568 0.08101522922515869 2649
1763999480252 0.030467137694358826 2659
1763999481258 0.04188261553645134 2669
1763999482273 0.027869001030921936 2679
1763999483289 0.02836870402097702 2689
1763999484246 0.03987235575914383 2699
1763999485896 0.031045392155647278 2709
1763999486901 0.02779112197458744 2719
1763999487907 0.026315879076719284 2729
1763999488914 0.02931154891848564 2739
1763999489869 0.03869530186057091 2749
1763999491480 0.02942085638642311 2759
1763999492485 0.0316731221973896 2769
1763999493492 0.026466816663742065 2779
1763999494500 0.043177708983421326 2789
1763999495442 0.062236420810222626 2799
1763999497032 0.0338810570538044 2809
1763999498039 0.02552974596619606 2819
1763999499044 0.03158150613307953 2829
1763999500051 0.02599332109093666 2839
1763999501025 0.07914494723081589 2849
1763999502748 0.027691643685102463 2859
1763999503756 0.03834471106529236 2869
1763999504765 0.02599892020225525 2879
1763999505771 0.03492933511734009 2889
1763999506716 0.04051509499549866 2899
1763999508408 0.030683035030961037 2909
1763999509431 0.024610355496406555 2919
1763999510447 0.023528121411800385 2929
1763999511468 0.03414540737867355 2939
1763999512441 0.041893161833286285 2949
1763999514079 0.02733367495238781 2959
1763999515088 0.02622096613049507 2969
1763999516096 0.025622595101594925 2979
1763999517104 0.02566547319293022 2989
1763999518046 0.0308549627661705 2999
1763999519651 0.025296326726675034 3009
1763999520657 0.02184205688536167 3019
1763999521668 0.026759963482618332 3029
1763999522680 0.025743866339325905 3039
1763999523641 0.07342489063739777 3049
1763999525307 0.025652527809143066 3059
1763999526324 0.02465052530169487 3069
1763999527338 0.023639876395463943 3079
1763999528359 0.028912946581840515 3089
1763999529303 0.07086905837059021 3099
1763999530969 0.02861928567290306 3109
1763999532048 0.031288210302591324 3119
1763999533058 0.025103680789470673 3129
1763999534079 0.025335093960165977 3139
1763999535043 0.05579958111047745 3149
1763999536704 0.02703341469168663 3159
1763999537716 0.028481656685471535 3169
1763999538723 0.03262083977460861 3179
1763999539749 0.028083570301532745 3189
1763999540722 0.06673549115657806 3199
1763999542430 0.033185869455337524 3209
1763999543446 0.02383406087756157 3219
1763999544456 0.025590676814317703 3229
1763999545467 0.02319415844976902 3239
1763999546425 0.047021545469760895 3249
1763999548016 0.03308965265750885 3259
1763999549060 0.022889498621225357 3269
1763999550106 0.030821677297353745 3279
1763999551127 0.026869485154747963 3289
1763999552077 0.0524568185210228 3299
1763999553805 0.02251271903514862 3309
1763999554847 0.023162517696619034 3319
1763999555858 0.021179668605327606 3329
1763999556869 0.024131672456860542 3339
1763999557825 0.03997866064310074 3349
1763999559409 0.022014403715729713 3359
1763999560428 0.024259548634290695 3369
1763999561439 0.03207497298717499 3379
1763999562446 0.02664438635110855 3389
1763999563398 0.09572708606719971 3399
1763999565133 0.026830565184354782 3409
1763999566150 0.026465604081749916 3419
1763999567164 0.029197201132774353 3429
1763999568189 0.029402658343315125 3439
1763999569151 0.045900218188762665 3449
1763999570835 0.023780299350619316 3459
1763999571849 0.022944025695323944 3469
1763999572861 0.029630064964294434 3479
1763999573875 0.023325594142079353 3489
1763999574819 0.03780785948038101 3499
1763999576388 0.026924163103103638 3509
1763999577395 0.023125171661376953 3519
1763999578400 0.024616237729787827 3529
1763999579405 0.023353993892669678 3539
1763999580346 0.02999071404337883 3549
1763999582001 0.020795105025172234 3559
1763999583013 0.02382109872996807 3569
1763999584026 0.021527020260691643 3579
1763999585037 0.02351624146103859 3589
1763999586004 0.028683600947260857 3599
1763999587570 0.019363489001989365 3609
1763999588576 0.030945368111133575 3619
1763999589589 0.024673376232385635 3629
1763999590611 0.025677364319562912 3639
1763999591559 0.033925700932741165 3649
1763999593179 0.023709319531917572 3659
1763999594203 0.02258891984820366 3669
1763999595210 0.02701813355088234 3679
1763999596217 0.021877646446228027 3689
1763999597163 0.09068231284618378 3699
1763999598743 0.031054113060235977 3709
1763999599750 0.023311801254749298 3719
1763999600755 0.02262216806411743 3729
1763999601763 0.02311912178993225 3739
1763999602701 0.08554355800151825 3749
1763999604499 0.027180276811122894 3759
1763999605504 0.027234137058258057 3769
1763999606523 0.023013675585389137 3779
1763999607530 0.03357302397489548 3789
1763999608469 0.05992666259407997 3799
1763999610059 0.02361181192100048 3809
1763999611065 0.02270439825952053 3819
1763999612070 0.025430910289287567 3829
1763999613075 0.020919863134622574 3839
1763999614022 0.02905448153614998 3849
1763999615692 0.026838690042495728 3859
1763999616698 0.024354461580514908 3869
1763999617704 0.02404044196009636 3879
1763999618733 0.02439265511929989 3889
1763999619685 0.05491410195827484 3899
1763999621387 0.027927126735448837 3909
1763999622401 0.02486833930015564 3919
1763999623408 0.022478070110082626 3929
1763999624413 0.026047255843877792 3939
1763999625357 0.03480314463376999 3949
1763999627074 0.028833895921707153 3959
1763999628081 0.028795626014471054 3969
1763999629088 0.02780039981007576 3979
1763999630106 0.024984974414110184 3989
1763999631090 0.12482834607362747 3999
