1763999744879 0.0 9
1763999747687 0.0 19
1763999750450 0.0 29
1763999753163 0.0 39
1763999756482 0.0 49
1763999757488 0.0 49
1763999761742 1.0 59
1763999764527 1.0 69
1763999767267 1.0 79
1763999770006 1.0 89
1763999772600 1.0 99
1763999773478 1.0 99
1763999777722 2.0 109
1763999780476 2.0 119
1763999783248 2.0 129
1763999785972 2.0 139
1763999788554 2.0 149
1763999789479 2.0 149
1763999793828 3.0 159
1763999796551 3.0 169
1763999799279 3.0 179
1763999802003 3.0 189
1763999804574 3.0 199
1763999805441 3.0 199
1763999809081 4.0 209
1763999811811 4.0 219
1763999814628 4.0 229
1763999817365 4.0 239
1763999819912 4.0 249
1763999820845 4.0 249
1763999825258 5.0 259
1763999828035 5.0 269
1763999830905 5.0 279
1763999833762 5.0 289
1763999836489 5.0 299
1763999837371 5.0 299
1763999841408 6.0 309
1763999844276 6.0 319
1763999847047 6.0 329
1763999849867 6.0 339
1763999852425 6.0 349
1763999853334 6.0 349
1763999858155 7.0 359
1763999860873 7.0 369
1763999863588 7.0 379
1763999866303 7.0 389
1763999868843 7.0 399
1763999869733 7.0 399
1763999873181 8.0 409
1763999875898 8.0 419
1763999878715 8.0 429
1763999881459 8.0 439
1763999883991 8.0 449
1763999884846 8.0 449
1763999888444 9.0 459
1763999891197 9.0 469
1763999893920 9.0 479
1763999896640 9.0 489
1763999899241 9.0 499
1763999900161 9.0 499
1763999903873 10.0 509
1763999906677 10.0 519
1763999909400 10.0 529
1763999912130 10.0 539
1763999914687 10.0 549
1763999915560 10.0 549
1763999919083 11.0 559
1763999921819 11.0 569
1763999924569 11.0 579
1763999927310 11.0 589
1763999929898 11.0 599
1763999930761 11.0 599
1763999935052 12.0 609
1763999937792 12.0 619
1763999940540 12.0 629
1763999943283 12.0 639
1763999945828 12.0 649
1763999946707 12.0 649
1763999950176 13.0 659
1763999952955 13.0 669
1763999955708 13.0 679
1763999958478 13.0 689
1763999961048 13.0 699
1763999961924 13.0 699
1763999965670 14.0 709
1763999968434 14.0 719
1763999971177 14.0 729
1763999973920 14.0 739
1763999976462 14.0 749
1763999977362 14.0 749
1763999980896 15.0 759
1763999983612 15.0 769
1763999986329 15.0 779
1763999989044 15.0 789
1763999991581 15.0 799
1763999992486 15.0 799
1763999996218 16.0 809
1763999998934 16.0 819
1764000001652 16.0 829
1764000004378 16.0 839
1764000006961 16.0 849
1764000007824 16.0 849
1764000011671 17.0 859
1764000014433 17.0 869
1764000017150 17.0 879
1764000019865 17.0 889
1764000022413 17.0 899
1764000023301 17.0 899
1764000027079 18.0 909
1764000029810 18.0 919
1764000032540 18.0 929
1764000035284 18.0 939
1764000037848 18.0 949
1764000038736 18.0 949
1764000042288 19.0 959
1764000045017 19.0 969
1764000047734 19.0 979
1764000050451 19.0 989
1764000052985 19.0 999
1764000053857 19.0 999
1764000057446 20.0 1009
1764000060197 20.0 1019
1764000062936 20.0 1029
1764000065655 20.0 1039
1764000068213 20.0 1049
1764000069104 20.0 1049
1764000072755 21.0 1059
1764000075496 21.0 1069
1764000078221 21.0 1079
1764000080941 21.0 1089
1764000083495 21.0 1099
1764000084412 21.0 1099
1764000087999 22.0 1109
1764000090732 22.0 1119
1764000093452 22.0 1129
1764000096186 22.0 1139
1764000098779 22.0 1149
1764000099692 22.0 1149
1764000103301 23.0 1159
1764000106017 23.0 1169
1764000108735 23.0 1179
1764000111448 23.0 1189
1764000113979 23.0 1199
1764000114853 23.0 1199
1764000118412 24.0 1209
1764000121125 24.0 1219
1764000123839 24.0 1229
1764000126553 24.0 1239
1764000129094 24.0 1249
1764000129974 24.0 1249
1764000133635 25.0 1259
1764000136347 25.0 1269
1764000139060 25.0 1279
1764000141774 25.0 1289
1764000144311 25.0 1299
1764000145211 25.0 1299
1764000148764 26.0 1309
1764000151480 26.0 1319
1764000154194 26.0 1329
1764000156906 26.0 1339
1764000159438 26.0 1349
1764000160341 26.0 1349
1764000163966 27.0 1359
1764000166686 27.0 1369
1764000169413 27.0 1379
1764000172128 27.0 1389
1764000174664 27.0 1399
1764000175561 27.0 1399
1764000179223 28.0 1409
1764000181935 28.0 1419
1764000184647 28.0 1429
1764000187370 28.0 1439
1764000189900 28.0 1449
1764000190777 28.0 1449
1764000194414 29.0 1459
1764000197129 29.0 1469
1764000199843 29.0 1479
1764000202563 29.0 1489
1764000205118 29.0 1499
1764000205981 29.0 1499
1764000209623 30.0 1509
1764000212341 30.0 1519
1764000215052 30.0 1529
1764000217763 30.0 1539
1764000220296 30.0 1549
1764000221178 30.0 1549
1764000224754 31.0 1559
1764000227467 31.0 1569
1764000230180 31.0 1579
1764000232892 31.0 1589
1764000235428 31.0 1599
1764000236348 31.0 1599
1764000239899 32.0 1609
1764000242613 32.0 1619
1764000245326 32.0 1629
1764000248038 32.0 1639
1764000250571 32.0 1649
1764000251447 32.0 1649
1764000255035 33.0 1659
1764000257748 33.0 1669
1764000260459 33.0 1679
1764000263172 33.0 1689
1764000265706 33.0 1699
1764000266573 33.0 1699
1764000270315 34.0 1709
1764000273031 34.0 1719
1764000275748 34.0 1729
1764000278460 34.0 1739
1764000280990 34.0 1749
1764000281898 34.0 1749
1764000285405 35.0 1759
1764000288118 35.0 1769
1764000290829 35.0 1779
1764000293541 35.0 1789
1764000296075 35.0 1799
1764000296940 35.0 1799
1764000300696 36.0 1809
1764000303412 36.0 1819
1764000306124 36.0 1829
1764000308835 36.0 1839
1764000311367 36.0 1849
1764000312236 36.0 1849
1764000315827 37.0 1859
1764000318546 37.0 1869
1764000321262 37.0 1879
1764000323976 37.0 1889
1764000326512 37.0 1899
1764000327400 37.0 1899
1764000331159 38.0 1909
1764000333872 38.0 1919
1764000336583 38.0 1929
1764000339296 38.0 1939
1764000341828 38.0 1949
1764000342702 38.0 1949
1764000346144 39.0 1959
1764000348859 39.0 1969
1764000351574 39.0 1979
1764000354285 39.0 1989
1764000356821 39.0 1999
1764000357732 39.0 1999
1764000361497 40.0 2009
1764000364211 40.0 2019
1764000366924 40.0 2029
1764000369646 40.0 2039
1764000372179 40.0 2049
1764000373091 40.0 2049
1764000376653 41.0 2059
1764000379371 41.0 2069
1764000382112 41.0 2079
1764000384835 41.0 2089
1764000387369 41.0 2099
1764000388278 41.0 2099
1764000392202 42.0 2109
1764000394920 42.0 2119
1764000397636 42.0 2129
1764000400348 42.0 2139
1764000402882 42.0 2149
1764000403778 42.0 2149
1764000407341 43.0 2159
1764000410059 43.0 2169
1764000412778 43.0 2179
1764000415493 43.0 2189
1764000418028 43.0 2199
1764000418954 43.0 2199
1764000423217 44.0 2209
1764000425933 44.0 2219
1764000428645 44.0 2229
1764000431466 44.0 2239
1764000434053 44.0 2249
1764000434918 44.0 2249
1764000438492 45.0 2259
1764000441222 45.0 2269
1764000443934 45.0 2279
1764000446647 45.0 2289
1764000449181 45.0 2299
1764000450049 45.0 2299
1764000453815 46.0 2309
1764000456525 46.0 2319
1764000459242 46.0 2329
1764000461955 46.0 2339
1764000464486 46.0 2349
1764000465349 46.0 2349
1764000468814 47.0 2359
1764000471525 47.0 2369
1764000474236 47.0 2379
1764000476947 47.0 2389
1764000479479 47.0 2399
1764000480361 47.0 2399
1764000484189 48.0 2409
1764000486928 48.0 2419
1764000489641 48.0 2429
1764000492354 48.0 2439
1764000494886 48.0 2449
1764000495769 48.0 2449
1764000499205 49.0 2459
1764000501917 49.0 2469
1764000504627 49.0 2479
1764000507338 49.0 2489
1764000509874 49.0 2499
1764000510745 49.0 2499
1764000514455 50.0 2509
1764000517169 50.0 2519
1764000519881 50.0 2529
1764000522595 50.0 2539
1764000525125 50.0 2549
1764000525994 50.0 2549
1764000529474 51.0 2559
1764000532187 51.0 2569
1764000534903 51.0 2579
1764000537616 51.0 2589
1764000540154 51.0 2599
1764000541041 51.0 2599
1764000544706 52.0 2609
1764000547419 52.0 2619
1764000550129 52.0 2629
1764000552842 52.0 2639
1764000555373 52.0 2649
1764000556229 52.0 2649
1764000559664 53.0 2659
1764000562376 53.0 2669
1764000565087 53.0 2679
1764000567799 53.0 2689
1764000570334 53.0 2699
1764000571195 53.0 2699
1764000574952 54.0 2709
1764000577665 54.0 2719
1764000580377 54.0 2729
1764000583091 54.0 2739
1764000585626 54.0 2749
1764000586506 54.0 2749
1764000589993 55.0 2759
1764000592705 55.0 2769
1764000595418 55.0 2779
1764000598131 55.0 2789
1764000600667 55.0 2799
1764000601555 55.0 2799
1764000605264 56.0 2809
1764000607986 56.0 2819
1764000610698 56.0 2829
1764000613409 56.0 2839
1764000615939 56.0 2849
1764000616799 56.0 2849
1764000620238 57.0 2859
1764000622956 57.0 2869
1764000625669 57.0 2879
1764000628383 57.0 2889
1764000630921 57.0 2899
1764000631805 57.0 2899
1764000635467 58.0 2909
1764000638181 58.0 2919
1764000640896 58.0 2929
1764000643610 58.0 2939
1764000646144 58.0 2949
1764000647068 58.0 2949
1764000651008 59.0 2959
1764000653724 59.0 2969
1764000656441 59.0 2979
1764000659154 59.0 2989
1764000661691 59.0 2999
1764000662589 59.0 2999
1764000666185 60.0 3009
1764000668902 60.0 3019
1764000671616 60.0 3029
1764000674329 60.0 3039
1764000676864 60.0 3049
1764000677749 60.0 3049
1764000681314 61.0 3059
1764000684028 61.0 3069
1764000686742 61.0 3079
1764000689454 61.0 3089
1764000691991 61.0 3099
1764000692877 61.0 3099
1764000696489 62.0 3109
1764000699201 62.0 3119
1764000701912 62.0 3129
1764000704628 62.0 3139
1764000707160 62.0 3149
1764000708037 62.0 3149
1764000711796 63.0 3159
1764000714520 63.0 3169
1764000717238 63.0 3179
1764000719955 63.0 3189
1764000722498 63.0 3199
1764000723413 63.0 3199
1764000727467 64.0 3209
1764000730194 64.0 3219
1764000732922 64.0 3229
1764000735636 64.0 3239
1764000738172 64.0 3249
1764000739083 64.0 3249
1764000743218 65.0 3259
1764000745932 65.0 3269
1764000748646 65.0 3279
1764000751361 65.0 3289
1764000753897 65.0 3299
1764000754768 65.0 3299
1764000758387 66.0 3309
1764000761105 66.0 3319
1764000763821 66.0 3329
1764000766532 66.0 3339
1764000769066 66.0 3349
1764000769939 66.0 3349
1764000773464 67.0 3359
1764000776180 67.0 3369
1764000778894 67.0 3379
1764000781606 67.0 3389
1764000784142 67.0 3399
1764000785019 67.0 3399
1764000788533 68.0 3409
1764000791261 68.0 3419
1764000793975 68.0 3429
1764000796693 68.0 3439
1764000799234 68.0 3449
1764000800155 68.0 3449
1764000804317 69.0 3459
1764000807028 69.0 3469
1764000809737 69.0 3479
1764000812449 69.0 3489
1764000814979 69.0 3499
1764000815865 69.0 3499
1764000819484 70.0 3509
1764000822199 70.0 3519
1764000824916 70.0 3529
1764000827630 70.0 3539
1764000830170 70.0 3549
1764000831018 70.0 3549
1764000834545 71.0 3559
1764000837259 71.0 3569
1764000839971 71.0 3579
1764000842682 71.0 3589
1764000845213 71.0 3599
1764000846083 71.0 3599
1764000849688 72.0 3609
1764000852400 72.0 3619
1764000855111 72.0 3629
1764000857823 72.0 3639
1764000860353 72.0 3649
1764000861211 72.0 3649
1764000865036 73.0 3659
1764000867752 73.0 3669
1764000870466 73.0 3679
1764000873178 73.0 3689
1764000875710 73.0 3699
1764000876607 73.0 3699
1764000880178 74.0 3709
1764000882893 74.0 3719
1764000885607 74.0 3729
1764000888322 74.0 3739
1764000890856 74.0 3749
1764000891728 74.0 3749
1764000895396 75.0 3759
1764000898110 75.0 3769
1764000900826 75.0 3779
1764000903540 75.0 3789
1764000906072 75.0 3799
1764000906941 75.0 3799
1764000910484 76.0 3809
1764000913198 76.0 3819
1764000915911 76.0 3829
1764000918621 76.0 3839
1764000921154 76.0 3849
1764000922049 76.0 3849
1764000925747 77.0 3859
1764000928460 77.0 3869
1764000931173 77.0 3879
1764000933887 77.0 3889
1764000936418 77.0 3899
1764000937288 77.0 3899
1764000940734 78.0 3909
1764000943451 78.0 3919
1764000946163 78.0 3929
1764000948875 78.0 3939
1764000951409 78.0 3949
1764000952305 78.0 3949
1764000956098 79.0 3959
1764000958810 79.0 3969
1764000961521 79.0 3979
1764000964236 79.0 3989
1764000966768 79.0 3999
1764000967665 79.0 3999
