1763999744879 0.679516077041626 9
1763999747687 0.5295818448066711 19
1763999750450 0.5620578527450562 29
1763999753163 0.451177179813385 39
1763999756482 0.6673943996429443 49
1763999761742 0.454778790473938 59
1763999764527 0.49235793948173523 69
1763999767267 0.39083951711654663 79
1763999770006 0.3076511323451996 89
1763999772600 0.2641852796077728 99
1763999777722 0.31018805503845215 109
1763999780476 0.31973111629486084 119
1763999783248 0.295498788356781 129
1763999785972 0.2807447612285614 139
1763999788554 0.455496609210968 149
1763999793828 0.38086962699890137 159
1763999796551 0.2500784397125244 169
1763999799279 0.2645590007305145 179
1763999802003 0.21695935726165771 189
1763999804574 0.4658726155757904 199
1763999809081 0.29209864139556885 209
1763999811811 0.20495328307151794 219
1763999814628 0.26199889183044434 229
1763999817365 0.25464412569999695 239
1763999819912 0.37340307235717773 249
1763999825258 0.19294041395187378 259
1763999828035 0.2233319878578186 269
1763999830905 0.2514667212963104 279
1763999833762 0.16970697045326233 289
1763999836489 0.2407086342573166 299
1763999841408 0.30414557456970215 309
1763999844276 0.23786604404449463 319
1763999847047 0.20142260193824768 329
1763999849867 0.22416293621063232 339
1763999852425 0.35037457942962646 349
1763999858155 0.2217022180557251 359
1763999860873 0.14652656018733978 369
1763999863588 0.2400708943605423 379
1763999866303 0.21303614974021912 389
1763999868843 0.2489984631538391 399
1763999873181 0.16571584343910217 409
1763999875898 0.1638808250427246 419
1763999878715 0.21477937698364258 429
1763999881459 0.17141170799732208 439
1763999883991 0.32245126366615295 449
1763999888444 0.16093268990516663 459
1763999891197 0.1621604859828949 469
1763999893920 0.1484847366809845 479
1763999896640 0.13693106174468994 489
1763999899241 0.3369515538215637 499
1763999903873 0.171554833650589 509
1763999906677 0.13478302955627441 519
1763999909400 0.11497601121664047 529
1763999912130 0.1439029723405838 539
1763999914687 0.2353094220161438 549
1763999919083 0.10751627385616302 559
1763999921819 0.1448202282190323 569
1763999924569 0.12868227064609528 579
1763999927310 0.1060858815908432 589
1763999929898 0.25308769941329956 599
1763999935052 0.15483185648918152 609
1763999937792 0.19813740253448486 619
1763999940540 0.19846031069755554 629
1763999943283 0.14603036642074585 639
1763999945828 0.3323613703250885 649
1763999950176 0.15397417545318604 659
1763999952955 0.1418604701757431 669
1763999955708 0.09529171884059906 679
1763999958478 0.09310299158096313 689
1763999961048 0.16820202767848969 699
1763999965670 0.09272078424692154 709
1763999968434 0.0944889634847641 719
1763999971177 0.07795777171850204 729
1763999973920 0.08162006735801697 739
1763999976462 0.20847606658935547 749
1763999980896 0.09646357595920563 759
1763999983612 0.07247941941022873 769
1763999986329 0.174188494682312 779
1763999989044 0.09589167684316635 789
1763999991581 0.16469240188598633 799
1763999996218 0.09178006649017334 809
1763999998934 0.06595157086849213 819
1764000001652 0.07678587734699249 829
1764000004378 0.08824962377548218 839
1764000006961 0.23504821956157684 849
1764000011671 0.10678154230117798 859
1764000014433 0.06544844806194305 869
1764000017150 0.08152170479297638 879
1764000019865 0.07453423738479614 889
1764000022413 0.25354495644569397 899
1764000027079 0.10712084919214249 909
1764000029810 0.06289726495742798 919
1764000032540 0.07930628210306168 929
1764000035284 0.07407546788454056 939
1764000037848 0.16192221641540527 949
1764000042288 0.07145443558692932 959
1764000045017 0.050797104835510254 969
1764000047734 0.07071608304977417 979
1764000050451 0.07343956083059311 989
1764000052985 1.075268268585205 999
1764000057446 0.07140599191188812 1009
1764000060197 0.05996766313910484 1019
1764000062936 0.05717378109693527 1029
1764000065655 0.07013162225484848 1039
1764000068213 1.0359071493148804 1049
1764000072755 0.16420860588550568 1059
1764000075496 0.15120401978492737 1069
1764000078221 0.184026300907135 1079
1764000080941 0.06254243850708008 1089
1764000083495 1.0116403102874756 1099
1764000087999 0.08459468185901642 1109
1764000090732 0.06692270934581757 1119
1764000093452 0.08212057501077652 1129
1764000096186 0.08087988197803497 1139
1764000098779 0.6166785955429077 1149
1764000103301 0.07183724641799927 1159
1764000106017 0.06816921383142471 1169
1764000108735 0.07715719938278198 1179
1764000111448 0.0634056031703949 1189
1764000113979 0.19929587841033936 1199
1764000118412 0.07148726284503937 1209
1764000121125 0.06919439136981964 1219
1764000123839 0.05996447801589966 1229
1764000126553 0.0573527067899704 1239
1764000129094 0.12871789932250977 1249
1764000133635 0.05114632099866867 1259
1764000136347 0.04478646069765091 1269
1764000139060 0.04882929474115372 1279
1764000141774 0.049035944044589996 1289
1764000144311 0.07791151106357574 1299
1764000148764 0.06097999960184097 1309
1764000151480 0.05299796536564827 1319
1764000154194 0.07141236960887909 1329
1764000156906 0.05413921922445297 1339
1764000159438 0.1496196687221527 1349
1764000163966 0.061218149960041046 1359
1764000166686 0.0464002899825573 1369
1764000169413 0.06680914759635925 1379
1764000172128 0.03894945979118347 1389
1764000174664 0.13798758387565613 1399
1764000179223 0.042613640427589417 1409
1764000181935 0.05152671039104462 1419
1764000184647 0.04931880161166191 1429
1764000187370 0.044657424092292786 1439
1764000189900 0.17409703135490417 1449
1764000194414 0.05631216615438461 1459
1764000197129 0.04268985614180565 1469
1764000199843 0.04925969988107681 1479
1764000202563 0.04713832587003708 1489
1764000205118 0.10470149666070938 1499
1764000209623 0.052178241312503815 1509
1764000212341 0.0436505451798439 1519
1764000215052 0.06549417972564697 1529
1764000217763 0.034962624311447144 1539
1764000220296 0.10150867700576782 1549
1764000224754 0.03970944136381149 1559
1764000227467 0.04620377719402313 1569
1764000230180 0.042710646986961365 1579
1764000232892 0.05572982877492905 1589
1764000235428 0.06633935868740082 1599
1764000239899 0.040527116507291794 1609
1764000242613 0.0345839224755764 1619
1764000245326 0.05126602202653885 1629
1764000248038 0.033373862504959106 1639
1764000250571 0.1358465552330017 1649
1764000255035 0.04845462739467621 1659
1764000257748 0.0694199800491333 1669
1764000260459 0.050172120332717896 1679
1764000263172 0.0384952649474144 1689
1764000265706 0.1613679975271225 1699
1764000270315 0.04239150136709213 1709
1764000273031 0.03726407513022423 1719
1764000275748 0.036572713404893875 1729
1764000278460 0.05407405644655228 1739
1764000280990 0.09567543864250183 1749
1764000285405 0.03946881741285324 1759
1764000288118 0.04306205362081528 1769
1764000290829 0.03890131413936615 1779
1764000293541 0.06331199407577515 1789
1764000296075 0.10999695211648941 1799
1764000300696 0.039718884974718094 1809
1764000303412 0.038291312754154205 1819
1764000306124 0.038203973323106766 1829
1764000308835 0.030842706561088562 1839
1764000311367 0.0910198837518692 1849
1764000315827 0.028621865436434746 1859
1764000318546 0.03494272381067276 1869
1764000321262 0.03485807776451111 1879
1764000323976 0.07307812571525574 1889
1764000326512 0.12503516674041748 1899
1764000331159 0.028803139925003052 1909
1764000333872 0.03562011197209358 1919
1764000336583 0.032518066465854645 1929
1764000339296 0.0448373407125473 1939
1764000341828 0.13182443380355835 1949
1764000346144 0.06794325262308121 1959
1764000348859 0.04777180776000023 1969
1764000351574 0.055787645280361176 1979
1764000354285 0.05851844325661659 1989
1764000356821 0.059337418526411057 1999
1764000361497 0.044599637389183044 2009
1764000364211 0.03763637691736221 2019
1764000366924 0.04230806604027748 2029
1764000369646 0.033504415303468704 2039
1764000372179 0.06034529209136963 2049
1764000376653 0.04246920347213745 2059
1764000379371 0.03599237650632858 2069
1764000382112 0.03686067461967468 2079
1764000384835 0.03939693793654442 2089
1764000387369 0.09655163437128067 2099
1764000392202 0.04277076572179794 2109
1764000394920 0.03411566838622093 2119
1764000397636 0.037985630333423615 2129
1764000400348 0.03349056467413902 2139
1764000402882 0.10255484282970428 2149
1764000407341 0.03609011322259903 2159
1764000410059 0.03308570384979248 2169
1764000412778 0.032960616052150726 2179
1764000415493 0.026869919151067734 2189
1764000418028 0.13478970527648926 2199
1764000423217 0.04890561103820801 2209
1764000425933 0.039563026279211044 2219
1764000428645 0.03816748782992363 2229
1764000431466 0.0315224826335907 2239
1764000434053 0.07421022653579712 2249
1764000438492 0.0734882801771164 2259
1764000441222 0.027519285678863525 2269
1764000443934 0.02687213569879532 2279
1764000446647 0.029307805001735687 2289
1764000449181 0.11867530643939972 2299
1764000453815 0.039809439331293106 2309
1764000456525 0.04422996565699577 2319
1764000459242 0.038988467305898666 2329
1764000461955 0.034470781683921814 2339
1764000464486 0.05128338560461998 2349
1764000468814 0.028943443670868874 2359
1764000471525 0.0315396711230278 2369
1764000474236 0.031818192452192307 2379
1764000476947 0.0294182226061821 2389
1764000479479 0.08529388904571533 2399
1764000484189 0.033801887184381485 2409
1764000486928 0.0404500812292099 2419
1764000489641 0.03975610435009003 2429
1764000492354 0.03224703669548035 2439
1764000494886 0.12976625561714172 2449
1764000499205 0.038589514791965485 2459
1764000501917 0.04628816246986389 2469
1764000504627 0.03535737842321396 2479
1764000507338 0.029017195105552673 2489
1764000509874 0.15949274599552155 2499
1764000514455 0.06315498054027557 2509
1764000517169 0.0523160919547081 2519
1764000519881 0.05486805737018585 2529
1764000522595 0.04720119386911392 2539
1764000525125 0.08189461380243301 2549
1764000529474 0.0883629322052002 2559
1764000532187 0.061500433832407 2569
1764000534903 0.04893770441412926 2579
1764000537616 0.035226866602897644 2589
1764000540154 0.04669536277651787 2599
1764000544706 0.047178663313388824 2609
1764000547419 0.033312439918518066 2619
1764000550129 0.029780719429254532 2629
1764000552842 0.031182730570435524 2639
1764000555373 0.08273248374462128 2649
1764000559664 0.07178694754838943 2659
1764000562376 0.07167311012744904 2669
1764000565087 0.081207275390625 2679
1764000567799 0.12094546854496002 2689
1764000570334 0.11208666115999222 2699
1764000574952 0.08592714369297028 2709
1764000577665 0.08402474969625473 2719
1764000580377 0.06914105266332626 2729
1764000583091 0.06281418353319168 2739
1764000585626 0.1504746675491333 2749
1764000589993 0.044611167162656784 2759
1764000592705 0.05881514400243759 2769
1764000595418 0.03867977112531662 2779
1764000598131 0.05340521037578583 2789
1764000600667 1.0021090507507324 2799
1764000605264 0.12160488963127136 2809
1764000607986 0.07721254229545593 2819
1764000610698 0.059434179216623306 2829
1764000613409 0.06522667407989502 2839
1764000615939 0.11761435866355896 2849
1764000620238 0.05526379868388176 2859
1764000622956 0.05104716867208481 2869
1764000625669 0.044800400733947754 2879
1764000628383 0.03493048995733261 2889
1764000630921 1.0244039297103882 2899
1764000635467 0.05408211797475815 2909
1764000638181 0.048797108232975006 2919
1764000640896 0.04230675846338272 2929
1764000643610 0.05150052160024643 2939
1764000646144 0.07148746401071548 2949
1764000651008 0.0391341969370842 2959
1764000653724 0.037100743502378464 2969
1764000656441 0.03523971140384674 2979
1764000659154 0.03502502292394638 2989
1764000661691 0.056251220405101776 2999
1764000666185 0.03426271677017212 3009
1764000668902 0.041304074227809906 3019
1764000671616 0.02932380512356758 3029
1764000674329 0.03891772776842117 3039
1764000676864 0.06966891884803772 3049
1764000681314 0.04604126885533333 3059
1764000684028 0.03325623273849487 3069
1764000686742 0.03944644704461098 3079
1764000689454 0.027660299092531204 3089
1764000691991 0.8852804899215698 3099
1764000696489 0.054717980325222015 3109
1764000699201 0.041971802711486816 3119
1764000701912 0.0308619923889637 3129
1764000704628 0.035606008023023605 3139
1764000707160 0.09325700253248215 3149
1764000711796 0.031852107495069504 3159
1764000714520 0.042603861540555954 3169
1764000717238 0.030031651258468628 3179
1764000719955 0.027617327868938446 3189
1764000722498 0.06822028756141663 3199
1764000727467 0.024809077382087708 3209
1764000730194 0.03556980937719345 3219
1764000732922 0.035093262791633606 3229
1764000735636 0.033654652535915375 3239
1764000738172 0.04974588006734848 3249
1764000743218 0.035133350640535355 3259
1764000745932 0.026684481650590897 3269
1764000748646 0.02652205526828766 3279
1764000751361 0.0274752676486969 3289
1764000753897 0.07871658354997635 3299
1764000758387 0.022877760231494904 3309
1764000761105 0.028323650360107422 3319
1764000763821 0.028848402202129364 3329
1764000766532 0.02650141716003418 3339
1764000769066 0.044931165874004364 3349
1764000773464 0.024682991206645966 3359
1764000776180 0.02216031402349472 3369
1764000778894 0.03479127585887909 3379
1764000781606 0.030553173273801804 3389
1764000784142 0.08464869856834412 3399
1764000788533 0.025879494845867157 3409
1764000791261 0.023564638569951057 3419
1764000793975 0.03318215161561966 3429
1764000796693 0.02580985054373741 3439
1764000799234 0.10253003239631653 3449
1764000804317 0.04029642045497894 3459
1764000807028 0.02814055234193802 3469
1764000809737 0.027974393218755722 3479
1764000812449 0.027994057163596153 3489
1764000814979 0.045976340770721436 3499
1764000819484 0.025300830602645874 3509
1764000822199 0.02912861853837967 3519
1764000824916 0.024030061438679695 3529
1764000827630 0.024057116359472275 3539
1764000830170 0.08165164291858673 3549
1764000834545 0.02849925495684147 3559
1764000837259 0.02711404487490654 3569
1764000839971 0.02618379145860672 3579
1764000842682 0.02395913563668728 3589
1764000845213 0.06272194534540176 3599
1764000849688 0.02916397899389267 3609
1764000852400 0.02360324189066887 3619
1764000855111 0.02403176948428154 3629
1764000857823 0.030786462128162384 3639
1764000860353 0.036040015518665314 3649
1764000865036 0.024873293936252594 3659
1764000867752 0.03246846795082092 3669
1764000870466 0.025952158495783806 3679
1764000873178 0.023665638640522957 3689
1764000875710 0.028918355703353882 3699
1764000880178 0.023891139775514603 3709
1764000882893 0.02293078601360321 3719
1764000885607 0.027428731322288513 3729
1764000888322 0.024723272770643234 3739
1764000890856 0.05936526507139206 3749
1764000895396 0.020844805985689163 3759
1764000898110 0.023504644632339478 3769
1764000900826 0.02115584723651409 3779
1764000903540 0.02149975299835205 3789
1764000906072 0.0599198043346405 3799
1764000910484 0.030120819807052612 3809
1764000913198 0.02165975794196129 3819
1764000915911 0.022458013147115707 3829
1764000918621 0.02159770578145981 3839
1764000921154 0.07115882635116577 3849
1764000925747 0.029127806425094604 3859
1764000928460 0.023616334423422813 3869
1764000931173 0.024655848741531372 3879
1764000933887 0.02608894184231758 3889
1764000936418 0.040692683309316635 3899
1764000940734 0.025790326297283173 3909
1764000943451 0.02701564133167267 3919
1764000946163 0.02244703285396099 3929
1764000948875 0.026639077812433243 3939
1764000951409 0.08315269649028778 3949
1764000956098 0.02954627200961113 3959
1764000958810 0.02479453757405281 3969
1764000961521 0.020078560337424278 3979
1764000964236 0.02133733406662941 3989
1764000966768 0.06705085933208466 3999
