1764357162228 0.0 9
1764357164805 0.0 19
1764357167346 0.0 29
1764357169895 0.0 39
1764357173050 0.0 43
1764357175852 1.0 49
1764357178394 1.0 59
1764357180950 1.0 69
1764357183501 1.0 79
1764357186048 1.0 87
1764357187705 2.0 89
1764357190224 2.0 99
1764357192768 2.0 109
1764357195298 2.0 119
1764357197820 2.0 129
1764357198855 2.0 131
1764357202391 3.0 139
1764357204921 3.0 149
1764357207444 3.0 159
1764357209984 3.0 169
1764357212052 3.0 175
1764357213816 4.0 179
1764357216404 4.0 189
1764357218980 4.0 199
1764357221505 4.0 209
1764357223954 4.0 219
1764357224555 4.0 219
1764357227828 5.0 229
1764357230345 5.0 239
1764357232874 5.0 249
1764357235397 5.0 259
1764357236915 5.0 263
1764357239069 6.0 269
1764357241595 6.0 279
1764357244117 6.0 289
1764357246655 6.0 299
1764357249208 6.0 307
1764357250524 7.0 309
1764357253051 7.0 319
1764357255611 7.0 329
1764357258128 7.0 339
1764357260654 7.0 349
1764357261672 7.0 351
1764357264344 8.0 359
1764357266877 8.0 369
1764357269491 8.0 379
1764357272171 8.0 389
1764357274296 8.0 395
1764357276459 9.0 399
1764357279018 9.0 409
1764357281586 9.0 419
1764357284099 9.0 429
1764357286571 9.0 439
1764357287231 9.0 439
1764357290590 10.0 449
1764357293125 10.0 459
1764357295665 10.0 469
1764357298183 10.0 479
1764357299700 10.0 483
1764357301945 11.0 489
1764357304519 11.0 499
1764357307055 11.0 509
1764357309569 11.0 519
1764357312094 11.0 527
1764357313244 12.0 529
1764357315764 12.0 539
1764357318372 12.0 549
1764357320906 12.0 559
1764357323428 12.0 569
1764357324447 12.0 571
1764357327896 13.0 579
1764357330430 13.0 589
1764357332963 13.0 599
1764357335484 13.0 609
1764357337518 13.0 615
1764357339142 14.0 619
1764357341658 14.0 629
1764357344170 14.0 639
1764357346688 14.0 649
1764357349144 14.0 659
1764357349739 14.0 659
1764357353182 15.0 669
1764357355696 15.0 679
1764357358222 15.0 689
1764357360748 15.0 699
1764357362336 15.0 703
1764357364863 16.0 709
1764357367388 16.0 719
1764357369908 16.0 729
1764357372436 16.0 739
1764357374960 16.0 747
1764357376792 17.0 749
1764357379340 17.0 759
1764357381892 17.0 769
1764357384423 17.0 779
1764357386951 17.0 789
1764357387960 17.0 791
1764357390681 18.0 799
1764357393209 18.0 809
1764357395751 18.0 819
1764357398300 18.0 829
1764357400325 18.0 835
1764357402319 19.0 839
1764357404867 19.0 849
1764357407389 19.0 859
1764357409918 19.0 869
1764357412362 19.0 879
1764357412993 19.0 879
