1764357162228 0.7089618444442749 9
1764357164805 0.6032436490058899 19
1764357167346 0.4268331229686737 29
1764357169895 0.36423733830451965 39
1764357175852 0.3255655765533447 49
1764357178394 0.26509377360343933 59
1764357180950 0.26081982254981995 69
1764357183501 0.26238125562667847 79
1764357187705 0.17943932116031647 89
1764357190224 0.18734802305698395 99
1764357192768 0.17032434046268463 109
1764357195298 0.1823641061782837 119
1764357197820 0.14236009120941162 129
1764357202391 0.12901900708675385 139
1764357204921 0.1115315705537796 149
1764357207444 0.12647390365600586 159
1764357209984 0.08486196398735046 169
1764357213816 0.08272363990545273 179
1764357216404 0.07435479015111923 189
1764357218980 0.07023213058710098 199
1764357221505 0.06902536749839783 209
1764357223954 0.06397134065628052 219
1764357227828 0.049316853284835815 229
1764357230345 0.05225958302617073 239
1764357232874 0.07085953652858734 249
1764357235397 0.06567061692476273 259
1764357239069 0.042848825454711914 269
1764357241595 0.06047539785504341 279
1764357244117 0.04723959416151047 289
1764357246655 0.04686645418405533 299
1764357250524 0.055172473192214966 309
1764357253051 0.06005023047327995 319
1764357255611 0.032735276967287064 329
1764357258128 0.03808102384209633 339
1764357260654 0.037827521562576294 349
1764357264344 0.03414120897650719 359
1764357266877 0.04596637561917305 369
1764357269491 0.02903314307332039 379
1764357272171 0.04000098258256912 389
1764357276459 0.03853943571448326 399
1764357279018 0.03438543528318405 409
1764357281586 0.04298686981201172 419
1764357284099 0.036501217633485794 429
1764357286571 0.02899862453341484 439
1764357290590 0.037227924913167953 449
1764357293125 0.03465160354971886 459
1764357295665 0.028354637324810028 469
1764357298183 0.023709503933787346 479
1764357301945 0.02116425149142742 489
1764357304519 0.022663064301013947 499
1764357307055 0.027004897594451904 509
1764357309569 0.0331873744726181 519
1764357313244 0.028502780944108963 529
1764357315764 0.026245547458529472 539
1764357318372 0.026324277743697166 549
1764357320906 0.028362220153212547 559
1764357323428 0.021340256556868553 569
1764357327896 0.022712145000696182 579
1764357330430 0.021624037995934486 589
1764357332963 0.042243119329214096 599
1764357335484 0.02444002404808998 609
1764357339142 0.021887991577386856 619
1764357341658 0.019688943400979042 629
1764357344170 0.021148277446627617 639
1764357346688 0.03982335329055786 649
1764357349144 0.019339827820658684 659
1764357353182 0.022258222103118896 669
1764357355696 0.01528747659176588 679
1764357358222 0.030688142403960228 689
1764357360748 0.025898534804582596 699
1764357364863 0.018427740782499313 709
1764357367388 0.02268235944211483 719
1764357369908 0.021157659590244293 729
1764357372436 0.05937480926513672 739
1764357376792 0.03261621296405792 749
1764357379340 0.019037501886487007 759
1764357381892 0.03374836966395378 769
1764357384423 0.018041836097836494 779
1764357386951 0.06509198248386383 789
1764357390681 0.016024194657802582 799
1764357393209 0.02513083815574646 809
1764357395751 0.0150802843272686 819
1764357398300 0.033224623650312424 829
1764357402319 0.03027775138616562 839
1764357404867 0.02068282477557659 849
1764357407389 0.03936931863427162 859
1764357409918 0.033720336854457855 869
1764357412362 0.06682514399290085 879
