1764022327484 0.0 9
1764022328114 0.0 19
1764022328758 0.0 29
1764022329390 0.0 39
1764022330210 0.0 49
1764022330643 0.0 49
1764022331383 1.0 59
1764022332011 1.0 69
1764022332641 1.0 79
1764022333276 1.0 89
1764022333861 1.0 99
1764022334115 1.0 99
1764022334830 2.0 109
1764022335456 2.0 119
1764022336094 2.0 129
1764022336725 2.0 139
1764022337324 2.0 149
1764022337583 2.0 149
1764022338317 3.0 159
1764022338954 3.0 169
1764022339589 3.0 179
1764022340223 3.0 189
1764022340814 3.0 199
1764022341073 3.0 199
1764022341789 4.0 209
1764022342442 4.0 219
1764022343079 4.0 229
1764022343716 4.0 239
1764022344311 4.0 249
1764022344611 4.0 249
1764022345347 5.0 259
1764022345980 5.0 269
1764022346617 5.0 279
1764022347253 5.0 289
1764022347836 5.0 299
1764022348119 5.0 299
1764022348841 6.0 309
1764022349474 6.0 319
1764022350108 6.0 329
1764022350738 6.0 339
1764022351335 6.0 349
1764022351652 6.0 349
1764022352403 7.0 359
1764022353032 7.0 369
1764022353663 7.0 379
1764022354294 7.0 389
1764022354880 7.0 399
1764022355158 7.0 399
1764022355897 8.0 409
1764022356530 8.0 419
1764022357170 8.0 429
1764022357807 8.0 439
1764022358410 8.0 449
1764022358722 8.0 449
1764022359471 9.0 459
1764022360103 9.0 469
1764022360740 9.0 479
1764022361369 9.0 489
1764022361953 9.0 499
1764022362209 9.0 499
1764022362940 10.0 509
1764022363573 10.0 519
1764022364209 10.0 529
1764022364839 10.0 539
1764022365439 10.0 549
1764022365733 10.0 549
1764022366479 11.0 559
1764022367108 11.0 569
1764022367741 11.0 579
1764022368372 11.0 589
1764022368968 11.0 599
1764022369246 11.0 599
1764022369990 12.0 609
1764022370625 12.0 619
1764022371260 12.0 629
1764022371894 12.0 639
1764022372500 12.0 649
1764022372785 12.0 649
1764022373527 13.0 659
1764022374159 13.0 669
1764022374787 13.0 679
1764022375417 13.0 689
1764022376011 13.0 699
1764022376276 13.0 699
1764022377014 14.0 709
1764022377649 14.0 719
1764022378283 14.0 729
1764022378912 14.0 739
1764022379520 14.0 749
1764022379834 14.0 749
1764022380601 15.0 759
1764022381238 15.0 769
1764022381869 15.0 779
1764022382512 15.0 789
1764022383101 15.0 799
1764022383377 15.0 799
1764022384102 16.0 809
1764022384736 16.0 819
1764022385364 16.0 829
1764022385993 16.0 839
1764022386579 16.0 849
1764022386832 16.0 849
1764022387546 17.0 859
1764022388177 17.0 869
1764022388808 17.0 879
1764022389440 17.0 889
1764022390050 17.0 899
1764022390375 17.0 899
1764022391122 18.0 909
1764022391774 18.0 919
1764022392418 18.0 929
1764022393050 18.0 939
1764022393647 18.0 949
1764022393941 18.0 949
1764022394667 19.0 959
1764022395297 19.0 969
1764022395930 19.0 979
1764022396565 19.0 989
1764022397153 19.0 999
1764022397435 19.0 999
1764022398172 20.0 1009
1764022398843 20.0 1019
1764022399600 20.0 1029
1764022400566 20.0 1039
1764022401187 20.0 1049
1764022401519 20.0 1049
1764022402392 21.0 1059
1764022403043 21.0 1069
1764022403681 21.0 1079
1764022404318 21.0 1089
1764022404931 21.0 1099
1764022405232 21.0 1099
1764022405981 22.0 1109
1764022406616 22.0 1119
1764022407252 22.0 1129
1764022407882 22.0 1139
1764022408475 22.0 1149
1764022408777 22.0 1149
1764022409520 23.0 1159
1764022410154 23.0 1169
1764022410793 23.0 1179
1764022411426 23.0 1189
1764022412039 23.0 1199
1764022412350 23.0 1199
1764022413101 24.0 1209
1764022413738 24.0 1219
1764022414373 24.0 1229
1764022415013 24.0 1239
1764022415603 24.0 1249
1764022415876 24.0 1249
1764022416603 25.0 1259
1764022417247 25.0 1269
1764022417877 25.0 1279
1764022418510 25.0 1289
1764022419126 25.0 1299
1764022419418 25.0 1299
1764022420160 26.0 1309
1764022420796 26.0 1319
1764022421426 26.0 1329
1764022422057 26.0 1339
1764022422647 26.0 1349
1764022422906 26.0 1349
1764022423627 27.0 1359
1764022424275 27.0 1369
1764022424906 27.0 1379
1764022425559 27.0 1389
1764022426166 27.0 1399
1764022426481 27.0 1399
1764022427216 28.0 1409
1764022427856 28.0 1419
1764022428497 28.0 1429
1764022429151 28.0 1439
1764022429764 28.0 1449
1764022430084 28.0 1449
1764022430849 29.0 1459
1764022431495 29.0 1469
1764022432146 29.0 1479
1764022432785 29.0 1489
1764022433398 29.0 1499
1764022433733 29.0 1499
1764022434468 30.0 1509
1764022435098 30.0 1519
1764022435727 30.0 1529
1764022436364 30.0 1539
1764022436959 30.0 1549
1764022437245 30.0 1549
1764022437997 31.0 1559
1764022438736 31.0 1569
1764022439392 31.0 1579
1764022440044 31.0 1589
1764022440675 31.0 1599
1764022441012 31.0 1599
1764022441764 32.0 1609
1764022442402 32.0 1619
1764022443041 32.0 1629
1764022443679 32.0 1639
1764022444270 32.0 1649
1764022444524 32.0 1649
1764022445235 33.0 1659
1764022445875 33.0 1669
1764022446520 33.0 1679
1764022447157 33.0 1689
1764022447754 33.0 1699
1764022448023 33.0 1699
1764022448746 34.0 1709
1764022449389 34.0 1719
1764022450034 34.0 1729
1764022450673 34.0 1739
1764022451268 34.0 1749
1764022451527 34.0 1749
1764022452247 35.0 1759
1764022452913 35.0 1769
1764022453575 35.0 1779
1764022454215 35.0 1789
1764022454830 35.0 1799
1764022455140 35.0 1799
1764022455893 36.0 1809
1764022456535 36.0 1819
1764022457175 36.0 1829
1764022457815 36.0 1839
1764022458409 36.0 1849
1764022458676 36.0 1849
1764022459413 37.0 1859
1764022460057 37.0 1869
1764022460696 37.0 1879
1764022461336 37.0 1889
1764022461937 37.0 1899
1764022462194 37.0 1899
1764022462912 38.0 1909
1764022463565 38.0 1919
1764022464226 38.0 1929
1764022464870 38.0 1939
1764022465463 38.0 1949
1764022465756 38.0 1949
1764022466519 39.0 1959
1764022467159 39.0 1969
1764022467799 39.0 1979
1764022468439 39.0 1989
1764022469050 39.0 1999
1764022469329 39.0 1999
1764022470066 40.0 2009
1764022470708 40.0 2019
1764022471347 40.0 2029
1764022472003 40.0 2039
1764022472603 40.0 2049
1764022472894 40.0 2049
1764022473656 41.0 2059
1764022474286 41.0 2069
1764022474920 41.0 2079
1764022475551 41.0 2089
1764022476137 41.0 2099
1764022476436 41.0 2099
1764022477195 42.0 2109
1764022477842 42.0 2119
1764022478489 42.0 2129
1764022479140 42.0 2139
1764022479765 42.0 2149
1764022480098 42.0 2149
1764022480861 43.0 2159
1764022481512 43.0 2169
1764022482165 43.0 2179
1764022482813 43.0 2189
1764022483418 43.0 2199
1764022483702 43.0 2199
1764022484437 44.0 2209
1764022485086 44.0 2219
1764022485734 44.0 2229
1764022486384 44.0 2239
1764022486996 44.0 2249
1764022487258 44.0 2249
1764022487980 45.0 2259
1764022488630 45.0 2269
1764022489286 45.0 2279
1764022489936 45.0 2289
1764022490544 45.0 2299
1764022490835 45.0 2299
1764022491592 46.0 2309
1764022492244 46.0 2319
1764022492896 46.0 2329
1764022493544 46.0 2339
1764022494149 46.0 2349
1764022494419 46.0 2349
1764022495167 47.0 2359
1764022495815 47.0 2369
1764022496464 47.0 2379
1764022497112 47.0 2389
1764022497719 47.0 2399
1764022497977 47.0 2399
1764022498700 48.0 2409
1764022499358 48.0 2419
1764022500013 48.0 2429
1764022500665 48.0 2439
1764022501273 48.0 2449
1764022501553 48.0 2449
1764022502309 49.0 2459
1764022502958 49.0 2469
1764022503607 49.0 2479
1764022504256 49.0 2489
1764022504869 49.0 2499
1764022505156 49.0 2499
1764022505909 50.0 2509
1764022506561 50.0 2519
1764022507211 50.0 2529
1764022507859 50.0 2539
1764022508469 50.0 2549
1764022508734 50.0 2549
1764022509476 51.0 2559
1764022510142 51.0 2569
1764022510803 51.0 2579
1764022511455 51.0 2589
1764022512080 51.0 2599
1764022512410 51.0 2599
1764022513193 52.0 2609
1764022513847 52.0 2619
1764022514497 52.0 2629
1764022515150 52.0 2639
1764022515763 52.0 2649
1764022516024 52.0 2649
1764022516751 53.0 2659
1764022517402 53.0 2669
1764022518051 53.0 2679
1764022518700 53.0 2689
1764022519306 53.0 2699
1764022519565 53.0 2699
1764022520293 54.0 2709
1764022520945 54.0 2719
1764022521596 54.0 2729
1764022522254 54.0 2739
1764022522866 54.0 2749
1764022523168 54.0 2749
1764022523930 55.0 2759
1764022524584 55.0 2769
1764022525236 55.0 2779
1764022525885 55.0 2789
1764022526492 55.0 2799
1764022526753 55.0 2799
1764022527487 56.0 2809
1764022528136 56.0 2819
1764022528785 56.0 2829
1764022529436 56.0 2839
1764022530050 56.0 2849
1764022530318 56.0 2849
1764022531073 57.0 2859
1764022531721 57.0 2869
1764022532371 57.0 2879
1764022533025 57.0 2889
1764022533633 57.0 2899
1764022533925 57.0 2899
1764022534676 58.0 2909
1764022535328 58.0 2919
1764022535980 58.0 2929
1764022536628 58.0 2939
1764022537242 58.0 2949
1764022537550 58.0 2949
1764022538311 59.0 2959
1764022538962 59.0 2969
1764022539614 59.0 2979
1764022540264 59.0 2989
1764022540867 59.0 2999
1764022541129 59.0 2999
1764022541863 60.0 3009
1764022542512 60.0 3019
1764022543160 60.0 3029
1764022543811 60.0 3039
1764022544418 60.0 3049
1764022544678 60.0 3049
1764022545404 61.0 3059
1764022546052 61.0 3069
1764022546701 61.0 3079
1764022547350 61.0 3089
1764022547955 61.0 3099
1764022548236 61.0 3099
1764022548991 62.0 3109
1764022549638 62.0 3119
1764022550285 62.0 3129
1764022550934 62.0 3139
1764022551542 62.0 3149
1764022551818 62.0 3149
1764022552548 63.0 3159
1764022553196 63.0 3169
1764022553847 63.0 3179
1764022554495 63.0 3189
1764022555097 63.0 3199
1764022555360 63.0 3199
1764022556094 64.0 3209
1764022556742 64.0 3219
1764022557390 64.0 3229
1764022558035 64.0 3239
1764022558639 64.0 3249
1764022558909 64.0 3249
1764022559660 65.0 3259
1764022560314 65.0 3269
1764022560966 65.0 3279
1764022561616 65.0 3289
1764022562220 65.0 3299
1764022562483 65.0 3299
1764022563231 66.0 3309
1764022563880 66.0 3319
1764022564526 66.0 3329
1764022565177 66.0 3339
1764022565786 66.0 3349
1764022566046 66.0 3349
1764022566776 67.0 3359
1764022567425 67.0 3369
1764022568074 67.0 3379
1764022568734 67.0 3389
1764022569348 67.0 3399
1764022569612 67.0 3399
1764022570357 68.0 3409
1764022571006 68.0 3419
1764022571659 68.0 3429
1764022572310 68.0 3439
1764022572913 68.0 3449
1764022573175 68.0 3449
1764022573906 69.0 3459
1764022574553 69.0 3469
1764022575200 69.0 3479
1764022575852 69.0 3489
1764022576468 69.0 3499
1764022576760 69.0 3499
1764022577512 70.0 3509
1764022578161 70.0 3519
1764022578813 70.0 3529
1764022579471 70.0 3539
1764022580079 70.0 3549
1764022580369 70.0 3549
1764022581108 71.0 3559
1764022581757 71.0 3569
1764022582405 71.0 3579
1764022583055 71.0 3589
1764022583684 71.0 3599
1764022584022 71.0 3599
1764022584796 72.0 3609
1764022585451 72.0 3619
1764022586100 72.0 3629
1764022586749 72.0 3639
1764022587354 72.0 3649
1764022587615 72.0 3649
1764022588366 73.0 3659
1764022589022 73.0 3669
1764022589681 73.0 3679
1764022590333 73.0 3689
1764022591284 73.0 3699
1764022591615 73.0 3699
1764022592646 74.0 3709
1764022593291 74.0 3719
1764022593939 74.0 3729
1764022594587 74.0 3739
1764022595203 74.0 3749
1764022595466 74.0 3749
1764022596250 75.0 3759
1764022596908 75.0 3769
1764022597562 75.0 3779
1764022598212 75.0 3789
1764022598822 75.0 3799
1764022599121 75.0 3799
1764022599878 76.0 3809
1764022600531 76.0 3819
1764022601183 76.0 3829
1764022601833 76.0 3839
1764022602442 76.0 3849
1764022602710 76.0 3849
1764022603467 77.0 3859
1764022604118 77.0 3869
1764022604770 77.0 3879
1764022605422 77.0 3889
1764022606039 77.0 3899
1764022606312 77.0 3899
1764022607050 78.0 3909
1764022607700 78.0 3919
1764022608353 78.0 3929
1764022609004 78.0 3939
1764022609613 78.0 3949
1764022609895 78.0 3949
1764022610638 79.0 3959
1764022611286 79.0 3969
1764022611942 79.0 3979
1764022612598 79.0 3989
1764022613225 79.0 3999
1764022613535 79.0 3999
