1764022327484 0.7260150909423828 9
1764022328114 0.6959191560745239 19
1764022328758 0.7104752063751221 29
1764022329390 0.695436954498291 39
1764022330210 0.37548375129699707 49
1764022331383 0.4867512583732605 59
1764022332011 0.7122513651847839 69
1764022332641 0.49616220593452454 79
1764022333276 0.5609098672866821 89
1764022333861 0.33532437682151794 99
1764022334830 0.584771454334259 109
1764022335456 0.5338863134384155 119
1764022336094 0.4768274426460266 129
1764022336725 0.4747616648674011 139
1764022337324 0.5736521482467651 149
1764022338317 0.49900615215301514 159
1764022338954 0.40375450253486633 169
1764022339589 0.4114476442337036 179
1764022340223 0.5563851594924927 189
1764022340814 0.29929861426353455 199
1764022341789 0.410304456949234 209
1764022342442 0.3773106336593628 219
1764022343079 0.4479794502258301 229
1764022343716 0.38501155376434326 239
1764022344311 0.2869829535484314 249
1764022345347 0.394180029630661 259
1764022345980 0.43615543842315674 269
1764022346617 0.41015487909317017 279
1764022347253 0.41722285747528076 289
1764022347836 0.23077787458896637 299
1764022348841 0.43782585859298706 309
1764022349474 0.3703390955924988 319
1764022350108 0.47767481207847595 329
1764022350738 0.47408920526504517 339
1764022351335 0.30341601371765137 349
1764022352403 0.4910730719566345 359
1764022353032 0.37498295307159424 369
1764022353663 0.3556307554244995 379
1764022354294 0.34943848848342896 389
1764022354880 0.3974921405315399 399
1764022355897 0.45756620168685913 409
1764022356530 0.31649187207221985 419
1764022357170 0.3168497681617737 429
1764022357807 0.31558582186698914 439
1764022358410 1.0654187202453613 449
1764022359471 0.30764609575271606 459
1764022360103 0.30769258737564087 469
1764022360740 0.2704112231731415 479
1764022361369 0.28075945377349854 489
1764022361953 0.27541786432266235 499
1764022362940 0.3975152373313904 509
1764022363573 0.2948359251022339 519
1764022364209 0.2308346927165985 529
1764022364839 0.38745301961898804 539
1764022365439 0.3064854145050049 549
1764022366479 0.29509270191192627 559
1764022367108 0.2496459186077118 569
1764022367741 0.3610120415687561 579
1764022368372 0.3902597427368164 589
1764022368968 0.23677624762058258 599
1764022369990 0.2668430805206299 609
1764022370625 0.2556386888027191 619
1764022371260 0.32647719979286194 629
1764022371894 0.23839277029037476 639
1764022372500 0.46961328387260437 649
1764022373527 0.2843472957611084 659
1764022374159 0.2818956971168518 669
1764022374787 0.27323681116104126 679
1764022375417 0.3318484425544739 689
1764022376011 0.22416581213474274 699
1764022377014 0.22829660773277283 709
1764022377649 0.33201301097869873 719
1764022378283 0.20139603316783905 729
1764022378912 0.23716849088668823 739
1764022379520 0.25906652212142944 749
1764022380601 0.27217572927474976 759
1764022381238 0.1865067332983017 769
1764022381869 0.30987298488616943 779
1764022382512 0.20611190795898438 789
1764022383101 0.8297864198684692 799
1764022384102 0.19414958357810974 809
1764022384736 0.2699747681617737 819
1764022385364 0.20040516555309296 829
1764022385993 0.22703546285629272 839
1764022386579 0.26106005907058716 849
1764022387546 0.15764927864074707 859
1764022388177 0.18448244035243988 869
1764022388808 0.21671681106090546 879
1764022389440 0.178120419383049 889
1764022390050 0.26398247480392456 899
1764022391122 0.1581040620803833 909
1764022391774 0.1792745441198349 919
1764022392418 0.23175975680351257 929
1764022393050 0.1730336844921112 939
1764022393647 0.2561456561088562 949
1764022394667 0.1389656960964203 959
1764022395297 0.18905195593833923 969
1764022395930 0.14705407619476318 979
1764022396565 0.21332058310508728 989
1764022397153 0.2928211987018585 999
1764022398172 0.15484152734279633 1009
1764022398843 0.14095403254032135 1019
1764022399600 0.12165919691324234 1029
1764022400566 0.09900494664907455 1039
1764022401187 0.25648194551467896 1049
1764022402392 0.1338694989681244 1059
1764022403043 0.29250115156173706 1069
1764022403681 0.1631690114736557 1079
1764022404318 0.10352392494678497 1089
1764022404931 0.2921353876590729 1099
1764022405981 0.11533263325691223 1109
1764022406616 0.11599115282297134 1119
1764022407252 0.11120574921369553 1129
1764022407882 0.11221630871295929 1139
1764022408475 0.293781042098999 1149
1764022409520 0.18165376782417297 1159
1764022410154 0.11293119937181473 1169
1764022410793 0.10559438169002533 1179
1764022411426 0.12385359406471252 1189
1764022412039 0.264717698097229 1199
1764022413101 0.11279532313346863 1209
1764022413738 0.11634734272956848 1219
1764022414373 0.09063539654016495 1229
1764022415013 0.11862386763095856 1239
1764022415603 0.2699515223503113 1249
1764022416603 0.09028792381286621 1259
1764022417247 0.10355550795793533 1269
1764022417877 0.08916331827640533 1279
1764022418510 0.0937635749578476 1289
1764022419126 0.3061491549015045 1299
1764022420160 0.08754689991474152 1309
1764022420796 0.09858474135398865 1319
1764022421426 0.13742539286613464 1329
1764022422057 0.07951738685369492 1339
1764022422647 0.3444731831550598 1349
1764022423627 0.12565666437149048 1359
1764022424275 0.0675874650478363 1369
1764022424906 0.13946352899074554 1379
1764022425559 0.0798673927783966 1389
1764022426166 0.2887955605983734 1399
1764022427216 0.06926755607128143 1409
1764022427856 0.06577928364276886 1419
1764022428497 0.06454269587993622 1429
1764022429151 0.07477392256259918 1439
1764022429764 0.18651486933231354 1449
1764022430849 0.0860094502568245 1459
1764022431495 0.056792959570884705 1469
1764022432146 0.056065551936626434 1479
1764022432785 0.05676928907632828 1489
1764022433398 0.20677708089351654 1499
1764022434468 0.11457006633281708 1509
1764022435098 0.06873152405023575 1519
1764022435727 0.08675124496221542 1529
1764022436364 0.07022209465503693 1539
1764022436959 0.1015026867389679 1549
1764022437997 0.07237263768911362 1559
1764022438736 0.06705450266599655 1569
1764022439392 0.08719374239444733 1579
1764022440044 0.06400950253009796 1589
1764022440675 0.24667523801326752 1599
1764022441764 0.07826721668243408 1609
1764022442402 0.06745192408561707 1619
1764022443041 0.16602855920791626 1629
1764022443679 0.05515569821000099 1639
1764022444270 1.0809144973754883 1649
1764022445235 0.08739243447780609 1659
1764022445875 0.06122022122144699 1669
1764022446520 0.05632180720567703 1679
1764022447157 0.06463579833507538 1689
1764022447754 0.17809966206550598 1699
1764022448746 0.0572085864841938 1709
1764022449389 0.09276613593101501 1719
1764022450034 0.06060892343521118 1729
1764022450673 0.05621803551912308 1739
1764022451268 0.1798456609249115 1749
1764022452247 0.060969430953264236 1759
1764022452913 0.059626974165439606 1769
1764022453575 0.0649430975317955 1779
1764022454215 0.14052975177764893 1789
1764022454830 0.13786771893501282 1799
1764022455893 0.062144532799720764 1809
1764022456535 0.05830604210495949 1819
1764022457175 0.048301007598638535 1829
1764022457815 0.05311678349971771 1839
1764022458409 0.24840515851974487 1849
1764022459413 0.0799640640616417 1859
1764022460057 0.06854403018951416 1869
1764022460696 0.11303985863924026 1879
1764022461336 0.07041414827108383 1889
1764022461937 0.16361165046691895 1899
1764022462912 0.05575888603925705 1909
1764022463565 0.05397363007068634 1919
1764022464226 0.05829871445894241 1929
1764022464870 0.0506444051861763 1939
1764022465463 0.2221623957157135 1949
1764022466519 0.09237730503082275 1959
1764022467159 0.06407468020915985 1969
1764022467799 0.07036028057336807 1979
1764022468439 0.17223015427589417 1989
1764022469050 1.1397607326507568 1999
1764022470066 0.058379724621772766 2009
1764022470708 0.05442635715007782 2019
1764022471347 0.05755238234996796 2029
1764022472003 0.05011781305074692 2039
1764022472603 0.1932278424501419 2049
1764022473656 0.06263816356658936 2059
1764022474286 0.08830258995294571 2069
1764022474920 0.07216338813304901 2079
1764022475551 0.06674328446388245 2089
1764022476137 0.19560910761356354 2099
1764022477195 0.05810536816716194 2109
1764022477842 0.059850722551345825 2119
1764022478489 0.06178276985883713 2129
1764022479140 0.11195481568574905 2139
1764022479765 0.11552463471889496 2149
1764022480861 0.05679808929562569 2159
1764022481512 0.05611104890704155 2169
1764022482165 0.0618254728615284 2179
1764022482813 0.07627548277378082 2189
1764022483418 0.1974303424358368 2199
1764022484437 0.06973986327648163 2209
1764022485086 0.04992442578077316 2219
1764022485734 0.05745788663625717 2229
1764022486384 0.07048658281564713 2239
1764022486996 0.1083543673157692 2249
1764022487980 0.051485028117895126 2259
1764022488630 0.0969640463590622 2269
1764022489286 0.1107722669839859 2279
1764022489936 0.04808143526315689 2289
1764022490544 0.15105129778385162 2299
1764022491592 0.046244826167821884 2309
1764022492244 0.045244425535202026 2319
1764022492896 0.04562310874462128 2329
1764022493544 0.05486069619655609 2339
1764022494149 0.19561710953712463 2349
1764022495167 0.07856506109237671 2359
1764022495815 0.07786228507757187 2369
1764022496464 0.059334903955459595 2379
1764022497112 0.08033052086830139 2389
1764022497719 0.23434820771217346 2399
1764022498700 0.047917820513248444 2409
1764022499358 0.10047595202922821 2419
1764022500013 0.053861163556575775 2429
1764022500665 0.06098572909832001 2439
1764022501273 0.130960613489151 2449
1764022502309 0.074546217918396 2459
1764022502958 0.05432235822081566 2469
1764022503607 0.051160797476768494 2479
1764022504256 0.056585606187582016 2489
1764022504869 0.13611483573913574 2499
1764022505909 0.10854151844978333 2509
1764022506561 0.0424208864569664 2519
1764022507211 0.040410831570625305 2529
1764022507859 0.046466607600450516 2539
1764022508469 0.17599129676818848 2549
1764022509476 0.047952957451343536 2559
1764022510142 0.04375648498535156 2569
1764022510803 0.04216590151190758 2579
1764022511455 0.03612973541021347 2589
1764022512080 0.11308075487613678 2599
1764022513193 0.04848548397421837 2609
1764022513847 0.04137463867664337 2619
1764022514497 0.0780007541179657 2629
1764022515150 0.05075431987643242 2639
1764022515763 0.1339578628540039 2649
1764022516751 0.09431767463684082 2659
1764022517402 0.04879206418991089 2669
1764022518051 0.03672241419553757 2679
1764022518700 0.039525747299194336 2689
1764022519306 0.14316222071647644 2699
1764022520293 0.045294418931007385 2709
1764022520945 0.07151199132204056 2719
1764022521596 0.033725760877132416 2729
1764022522254 0.04398568719625473 2739
1764022522866 0.0703284740447998 2749
1764022523930 0.0412023663520813 2759
1764022524584 0.05889382213354111 2769
1764022525236 0.04387122765183449 2779
1764022525885 0.058104924857616425 2789
1764022526492 0.848980724811554 2799
1764022527487 0.0480986163020134 2809
1764022528136 0.05421140789985657 2819
1764022528785 0.10263022035360336 2829
1764022529436 0.053853198885917664 2839
1764022530050 0.12118816375732422 2849
1764022531073 0.09646599739789963 2859
1764022531721 0.06407574564218521 2869
1764022532371 0.0434592068195343 2879
1764022533025 0.045550983399152756 2889
1764022533633 0.11271384358406067 2899
1764022534676 0.04680880159139633 2909
1764022535328 0.05361528694629669 2919
1764022535980 0.0495576336979866 2929
1764022536628 0.08031655848026276 2939
1764022537242 0.1577407866716385 2949
1764022538311 0.055851224809885025 2959
1764022538962 0.05090911686420441 2969
1764022539614 0.037183478474617004 2979
1764022540264 0.0463518425822258 2989
1764022540867 0.159758061170578 2999
1764022541863 0.06434761732816696 3009
1764022542512 0.0734005942940712 3019
1764022543160 0.04692147672176361 3029
1764022543811 0.053081147372722626 3039
1764022544418 0.18040990829467773 3049
1764022545404 0.07242973893880844 3059
1764022546052 0.0801248699426651 3069
1764022546701 0.044782545417547226 3079
1764022547350 0.05052386596798897 3089
1764022547955 0.17214526236057281 3099
1764022548991 0.07979821413755417 3109
1764022549638 0.0479317232966423 3119
1764022550285 0.05585332214832306 3129
1764022550934 0.042832307517528534 3139
1764022551542 0.10449044406414032 3149
1764022552548 0.043564457446336746 3159
1764022553196 0.045076824724674225 3169
1764022553847 0.0432349294424057 3179
1764022554495 0.0408451110124588 3189
1764022555097 0.09153017401695251 3199
1764022556094 0.05505981668829918 3209
1764022556742 0.03859782963991165 3219
1764022557390 0.03306436538696289 3229
1764022558035 0.03223752975463867 3239
1764022558639 0.05397259443998337 3249
1764022559660 0.03462759405374527 3259
1764022560314 0.04085136950016022 3269
1764022560966 0.0380672812461853 3279
1764022561616 0.033580370247364044 3289
1764022562220 0.09161543846130371 3299
1764022563231 0.04583864286541939 3309
1764022563880 0.04032802954316139 3319
1764022564526 0.046415261924266815 3329
1764022565177 0.037597425282001495 3339
1764022565786 0.09838192164897919 3349
1764022566776 0.03622747212648392 3359
1764022567425 0.09386715292930603 3369
1764022568074 0.055520180612802505 3379
1764022568734 0.030727136880159378 3389
1764022569348 0.06841887533664703 3399
1764022570357 0.037681106477975845 3409
1764022571006 0.054041773080825806 3419
1764022571659 0.0676158145070076 3429
1764022572310 0.02735324576497078 3439
1764022572913 0.0793280154466629 3449
1764022573906 0.0517292395234108 3459
1764022574553 0.0312575027346611 3469
1764022575200 0.03171233460307121 3479
1764022575852 0.03836503624916077 3489
1764022576468 0.09781139343976974 3499
1764022577512 0.029467307031154633 3509
1764022578161 0.029466820880770683 3519
1764022578813 0.03248187154531479 3529
1764022579471 0.09286165982484818 3539
1764022580079 0.14448635280132294 3549
1764022581108 0.05352996289730072 3559
1764022581757 0.0597851388156414 3569
1764022582405 0.041781626641750336 3579
1764022583055 0.10021417587995529 3589
1764022583684 0.14333361387252808 3599
1764022584796 0.0418584905564785 3609
1764022585451 0.04385851323604584 3619
1764022586100 0.04263639450073242 3629
1764022586749 0.04951208457350731 3639
1764022587354 0.1307259202003479 3649
1764022588366 0.0380781814455986 3659
1764022589022 0.05151557922363281 3669
1764022589681 0.0359916090965271 3679
1764022590333 0.034634657204151154 3689
1764022591284 0.08215902745723724 3699
1764022592646 0.04194634407758713 3709
1764022593291 0.030138669535517693 3719
1764022593939 0.031020216643810272 3729
1764022594587 0.030113009735941887 3739
1764022595203 0.13676176965236664 3749
1764022596250 0.03778351843357086 3759
1764022596908 0.03801583871245384 3769
1764022597562 0.043596021831035614 3779
1764022598212 0.03807196393609047 3789
1764022598822 0.8095660209655762 3799
1764022599878 0.049971312284469604 3809
1764022600531 0.04430953413248062 3819
1764022601183 0.038877375423908234 3829
1764022601833 0.03817256540060043 3839
1764022602442 0.1004156619310379 3849
1764022603467 0.039980195462703705 3859
1764022604118 0.037234410643577576 3869
1764022604770 0.039138250052928925 3879
1764022605422 0.036437392234802246 3889
1764022606039 0.167253315448761 3899
1764022607050 0.0544460229575634 3909
1764022607700 0.04117492586374283 3919
1764022608353 0.05131549760699272 3929
1764022609004 0.04175003618001938 3939
1764022609613 0.10612942278385162 3949
1764022610638 0.04078726842999458 3959
1764022611286 0.036666467785835266 3969
1764022611942 0.04457179456949234 3979
1764022612598 0.03885495662689209 3989
1764022613225 0.10573171824216843 3999
