1763820811605 0.0 9
1763820822196 0.0 19
1763820832955 0.0 29
1763820843755 0.0 39
1763820854853 0.0 49
1763820866040 0.0 59
1763820877236 0.0 69
1763820888088 0.0 73
1763820895795 1.0 79
1763820906639 1.0 89
1763820917540 1.0 99
1763820928231 1.0 109
1763820939461 1.0 119
1763820950011 1.0 129
1763820961031 1.0 139
1763820974719 1.0 147
1763820978340 2.0 149
1763820990739 2.0 159
1763821002511 2.0 169
1763821013595 2.0 179
1763821024847 2.0 189
1763821035814 2.0 199
1763821046757 2.0 209
1763821057692 2.0 219
1763821065313 2.0 221
1763821074944 3.0 229
1763821085945 3.0 239
1763821096527 3.0 249
1763821107450 3.0 259
1763821118544 3.0 269
1763821129556 3.0 279
1763821141182 3.0 289
1763821154518 3.0 295
1763821160583 4.0 299
1763821171500 4.0 309
1763821183377 4.0 319
1763821194997 4.0 329
1763821206372 4.0 339
1763821217433 4.0 349
1763821228681 4.0 359
1763821239364 4.0 369
1763821245286 4.0 369
1763821257860 5.0 379
1763821270003 5.0 389
1763821281620 5.0 399
1763821292217 5.0 409
1763821304093 5.0 419
1763821315798 5.0 429
1763821327819 5.0 439
1763821339149 5.0 443
1763821347950 6.0 449
1763821360027 6.0 459
1763821372378 6.0 469
1763821384425 6.0 479
1763821395893 6.0 489
1763821407986 6.0 499
1763821419673 6.0 509
1763821435516 6.0 517
1763821438629 7.0 519
1763821450147 7.0 529
1763821461598 7.0 539
1763821472587 7.0 549
1763821483559 7.0 559
1763821494472 7.0 569
1763821505274 7.0 579
1763821515985 7.0 589
1763821523660 7.0 591
1763821532998 8.0 599
1763821543835 8.0 609
1763821554916 8.0 619
1763821565889 8.0 629
1763821577137 8.0 639
1763821588901 8.0 649
1763821600421 8.0 659
1763821613898 8.0 665
1763821619179 9.0 669
1763821631175 9.0 679
1763821643069 9.0 689
1763821655034 9.0 699
1763821666841 9.0 709
1763821678730 9.0 719
1763821690125 9.0 729
1763821701257 9.0 739
1763821707462 9.0 739
1763821719428 10.0 749
1763821730617 10.0 759
1763821741867 10.0 769
1763821753876 10.0 779
1763821765650 10.0 789
1763821777318 10.0 799
1763821788782 10.0 809
1763821799263 10.0 813
1763821806523 11.0 819
1763821817799 11.0 829
1763821829206 11.0 839
1763821840312 11.0 849
1763821851543 11.0 859
1763821862912 11.0 869
1763821874359 11.0 879
1763821888440 11.0 887
1763821891178 12.0 889
1763821901692 12.0 899
1763821912234 12.0 909
1763821922778 12.0 919
1763821933694 12.0 929
1763821945211 12.0 939
1763821956948 12.0 949
1763821968205 12.0 959
1763821976656 12.0 961
1763821986644 13.0 969
1763821998140 13.0 979
1763822009763 13.0 989
1763822022476 13.0 999
1763822035123 13.0 1009
1763822046169 13.0 1019
1763822057627 13.0 1029
1763822070588 13.0 1035
1763822075851 14.0 1039
1763822087569 14.0 1049
1763822098740 14.0 1059
1763822111990 14.0 1069
1763822125373 14.0 1079
1763822138509 14.0 1089
1763822150049 14.0 1099
1763822160824 14.0 1109
1763822168195 14.0 1109
1763822182435 15.0 1119
1763822194675 15.0 1129
1763822207169 15.0 1139
1763822219643 15.0 1149
1763822231424 15.0 1159
1763822242921 15.0 1169
1763822254445 15.0 1179
1763822264848 15.0 1183
1763822272140 16.0 1189
1763822283294 16.0 1199
1763822295922 16.0 1209
1763822309153 16.0 1219
1763822322224 16.0 1229
1763822335393 16.0 1239
1763822347529 16.0 1249
1763822361814 16.0 1257
1763822364980 17.0 1259
1763822376484 17.0 1269
1763822388470 17.0 1279
1763822400791 17.0 1289
1763822413842 17.0 1299
1763822425202 17.0 1309
1763822437854 17.0 1319
1763822449839 17.0 1329
1763822459081 17.0 1331
1763822469759 18.0 1339
1763822481840 18.0 1349
1763822492827 18.0 1359
1763822504166 18.0 1369
1763822515728 18.0 1379
1763822526960 18.0 1389
1763822538957 18.0 1399
1763822553438 18.0 1405
1763822559518 19.0 1409
1763822572573 19.0 1419
1763822585673 19.0 1429
1763822598630 19.0 1439
1763822611430 19.0 1449
1763822623731 19.0 1459
1763822635911 19.0 1469
1763822647385 19.0 1479
1763822654698 19.0 1479
