1763820811605 0.40601903200149536 9
1763820822196 0.23421432077884674 19
1763820832955 0.2286931872367859 29
1763820843755 0.21643686294555664 39
1763820854853 0.3138813376426697 49
1763820866040 0.21227653324604034 59
1763820877236 0.2207883596420288 69
1763820895795 1.5141856670379639 79
1763820906639 0.19536897540092468 89
1763820917540 0.17611834406852722 99
1763820928231 0.18528687953948975 109
1763820939461 0.14741918444633484 119
1763820950011 0.22619101405143738 129
1763820961031 0.19782237708568573 139
1763820978340 0.18890011310577393 149
1763820990739 0.24625466763973236 159
1763821002511 0.15932102501392365 169
1763821013595 1.2946727275848389 179
1763821024847 0.13791291415691376 189
1763821035814 0.20210018754005432 199
1763821046757 0.9501659870147705 209
1763821057692 0.16414879262447357 219
1763821074944 1.622699499130249 229
1763821085945 1.179150104522705 239
1763821096527 0.567138671875 249
1763821107450 0.1824633777141571 259
1763821118544 0.12367376685142517 269
1763821129556 0.11526845395565033 279
1763821141182 0.1592870056629181 289
1763821160583 2.753756046295166 299
1763821171500 0.1252453625202179 309
1763821183377 0.11672581732273102 319
1763821194997 0.1416354924440384 329
1763821206372 1.748632550239563 339
1763821217433 0.12605315446853638 349
1763821228681 0.14127027988433838 359
1763821239364 0.12940803170204163 369
1763821257860 0.16308481991291046 379
1763821270003 0.1421520709991455 389
1763821281620 1.754638433456421 399
1763821292217 0.120341457426548 409
1763821304093 1.5135154724121094 419
1763821315798 0.12721571326255798 429
1763821327819 1.5424220561981201 439
1763821347950 0.20259222388267517 449
1763821360027 0.12834420800209045 459
1763821372378 0.13563570380210876 469
1763821384425 1.5912840366363525 479
1763821395893 0.1106627881526947 489
1763821407986 0.09988218545913696 499
1763821419673 0.1045706644654274 509
1763821438629 0.09607244282960892 519
1763821450147 0.1058649942278862 529
1763821461598 0.0923684686422348 539
1763821472587 0.08684210479259491 549
1763821483559 2.084298849105835 559
1763821494472 0.10519985109567642 569
1763821505274 0.12333320081233978 579
1763821515985 0.10044018924236298 589
1763821532998 0.09240677952766418 599
1763821543835 1.114830493927002 609
1763821554916 2.4507412910461426 619
1763821565889 0.1520214080810547 629
1763821577137 0.11763526499271393 639
1763821588901 0.10112932324409485 649
1763821600421 0.09934671223163605 659
1763821619179 0.09247186034917831 669
1763821631175 1.9879456758499146 679
1763821643069 0.07451240718364716 689
1763821655034 0.10343588143587112 699
1763821666841 0.08325562626123428 709
1763821678730 2.981019973754883 719
1763821690125 0.10491299629211426 729
1763821701257 0.09369006752967834 739
1763821719428 0.08740612119436264 749
1763821730617 1.0125768184661865 759
1763821741867 0.09031832963228226 769
1763821753876 1.0522332191467285 779
1763821765650 0.08076556026935577 789
1763821777318 0.08226436376571655 799
1763821788782 0.08455105125904083 809
1763821806523 0.9746501445770264 819
1763821817799 0.08452673256397247 829
1763821829206 0.07416138797998428 839
1763821840312 0.9740893840789795 849
1763821851543 0.07511268556118011 859
1763821862912 0.08036680519580841 869
1763821874359 0.06920569390058517 879
1763821891178 0.06487733125686646 889
1763821901692 0.06819942593574524 899
1763821912234 1.253232479095459 909
1763821922778 1.2414603233337402 919
1763821933694 2.52972412109375 929
1763821945211 0.11146995425224304 939
1763821956948 0.10722000896930695 949
1763821968205 0.08964309096336365 959
1763821986644 0.08556544780731201 969
1763821998140 0.09942647814750671 979
1763822009763 0.07565610110759735 989
1763822022476 0.06314535439014435 999
1763822035123 0.07619956880807877 1009
1763822046169 0.07585883885622025 1019
1763822057627 0.08420595526695251 1029
1763822075851 0.07503803074359894 1039
1763822087569 0.07626871019601822 1049
1763822098740 0.9872716069221497 1059
1763822111990 0.09084372967481613 1069
1763822125373 0.11213284730911255 1079
1763822138509 0.09778015315532684 1089
1763822150049 2.7333624362945557 1099
1763822160824 0.10406365245580673 1109
1763822182435 0.08163999021053314 1119
1763822194675 1.231412410736084 1129
1763822207169 0.08261458575725555 1139
1763822219643 0.12749968469142914 1149
1763822231424 0.08913466334342957 1159
1763822242921 0.07775425165891647 1169
1763822254445 0.08456116169691086 1179
1763822272140 0.13626687228679657 1189
1763822283294 0.882921040058136 1199
1763822295922 0.07125088572502136 1209
1763822309153 0.13131895661354065 1219
1763822322224 0.11041860282421112 1229
1763822335393 0.08131058514118195 1239
1763822347529 0.07997338473796844 1249
1763822364980 0.09159943461418152 1259
1763822376484 0.09716382622718811 1269
1763822388470 0.08723843097686768 1279
1763822400791 0.6214597821235657 1289
1763822413842 0.08242586255073547 1299
1763822425202 0.08821633458137512 1309
1763822437854 0.14515376091003418 1319
1763822449839 0.10726462304592133 1329
1763822469759 0.09243179857730865 1339
1763822481840 0.08494313061237335 1349
1763822492827 0.08907091617584229 1359
1763822504166 0.07637135684490204 1369
1763822515728 0.08786492049694061 1379
1763822526960 0.694773256778717 1389
1763822538957 0.11524111777544022 1399
1763822559518 0.8190226554870605 1409
1763822572573 0.1009804904460907 1419
1763822585673 0.08761954307556152 1429
1763822598630 0.09689191728830338 1439
1763822611430 0.07826780527830124 1449
1763822623731 1.8122552633285522 1459
1763822635911 0.08894484490156174 1469
1763822647385 0.08262903243303299 1479
