1763986666650 0.0 9
1763986671862 0.0 19
1763986677047 0.0 29
1763986682243 0.0 39
1763986689009 0.0 49
1763986691063 0.0 49
1763986698287 1.0 59
1763986703497 1.0 69
1763986708721 1.0 79
1763986713888 1.0 89
1763986718784 1.0 99
1763986720645 1.0 99
1763986728144 2.0 109
1763986733297 2.0 119
1763986738454 2.0 129
1763986743599 2.0 139
1763986748453 2.0 149
1763986750286 2.0 149
1763986757249 3.0 159
1763986762609 3.0 169
1763986767816 3.0 179
1763986772974 3.0 189
1763986777816 3.0 199
1763986779663 3.0 199
1763986786604 4.0 209
1763986791787 4.0 219
1763986796970 4.0 229
1763986802174 4.0 239
1763986807050 4.0 249
1763986808906 4.0 249
1763986817528 5.0 259
1763986822737 5.0 269
1763986827927 5.0 279
1763986833117 5.0 289
1763986837991 5.0 299
1763986839776 5.0 299
1763986847734 6.0 309
1763986853004 6.0 319
1763986858216 6.0 329
1763986863405 6.0 339
1763986868272 6.0 349
1763986870060 6.0 349
1763986877533 7.0 359
1763986882730 7.0 369
1763986887927 7.0 379
1763986893101 7.0 389
1763986897944 7.0 399
1763986899696 7.0 399
1763986906168 8.0 409
1763986911358 8.0 419
1763986916522 8.0 429
1763986921695 8.0 439
1763986926520 8.0 449
1763986928276 8.0 449
1763986935013 9.0 459
1763986940194 9.0 469
1763986945358 9.0 479
1763986950543 9.0 489
1763986955381 9.0 499
1763986957170 9.0 499
1763986963759 10.0 509
1763986968960 10.0 519
1763986974125 10.0 529
1763986979308 10.0 539
1763986984130 10.0 549
1763986985909 10.0 549
1763986992851 11.0 559
1763986998070 11.0 569
1763987003276 11.0 579
1763987008480 11.0 589
1763987013328 11.0 599
1763987015107 11.0 599
1763987021727 12.0 609
1763987026906 12.0 619
1763987032086 12.0 629
1763987037257 12.0 639
1763987042086 12.0 649
1763987043816 12.0 649
1763987050381 13.0 659
1763987055547 13.0 669
1763987060748 13.0 679
1763987065925 13.0 689
1763987070780 13.0 699
1763987072581 13.0 699
1763987079264 14.0 709
1763987084424 14.0 719
1763987089605 14.0 729
1763987094772 14.0 739
1763987099651 14.0 749
1763987101413 14.0 749
1763987107943 15.0 759
1763987113111 15.0 769
1763987118296 15.0 779
1763987123464 15.0 789
1763987128310 15.0 799
1763987130047 15.0 799
1763987136733 16.0 809
1763987141923 16.0 819
1763987147113 16.0 829
1763987152311 16.0 839
1763987157157 16.0 849
1763987158943 16.0 849
1763987166188 17.0 859
1763987171366 17.0 869
1763987176538 17.0 879
1763987181711 17.0 889
1763987186534 17.0 899
1763987188295 17.0 899
1763987194862 18.0 909
1763987200060 18.0 919
1763987205209 18.0 929
1763987210449 18.0 939
1763987215297 18.0 949
1763987217059 18.0 949
1763987223676 19.0 959
1763987228859 19.0 969
1763987234014 19.0 979
1763987239195 19.0 989
1763987244019 19.0 999
1763987245782 19.0 999
1763987252442 20.0 1009
1763987257611 20.0 1019
1763987262794 20.0 1029
1763987267983 20.0 1039
1763987272815 20.0 1049
1763987274570 20.0 1049
1763987281303 21.0 1059
1763987286469 21.0 1069
1763987291637 21.0 1079
1763987296800 21.0 1089
1763987301662 21.0 1099
1763987303387 21.0 1099
1763987309971 22.0 1109
1763987315169 22.0 1119
1763987320347 22.0 1129
1763987325539 22.0 1139
1763987330385 22.0 1149
1763987332160 22.0 1149
1763987338750 23.0 1159
1763987343909 23.0 1169
1763987349125 23.0 1179
1763987354337 23.0 1189
1763987359192 23.0 1199
1763987360958 23.0 1199
1763987367603 24.0 1209
1763987372770 24.0 1219
1763987377943 24.0 1229
1763987383109 24.0 1239
1763987387941 24.0 1249
1763987389679 24.0 1249
1763987396223 25.0 1259
1763987401419 25.0 1269
1763987406596 25.0 1279
1763987411782 25.0 1289
1763987416629 25.0 1299
1763987418417 25.0 1299
1763987425161 26.0 1309
1763987430443 26.0 1319
1763987435643 26.0 1329
1763987440858 26.0 1339
1763987445682 26.0 1349
1763987447482 26.0 1349
1763987454292 27.0 1359
1763987459475 27.0 1369
1763987464640 27.0 1379
1763987469823 27.0 1389
1763987474638 27.0 1399
1763987476391 27.0 1399
1763987482952 28.0 1409
1763987488126 28.0 1419
1763987493295 28.0 1429
1763987498472 28.0 1439
1763987503289 28.0 1449
1763987505020 28.0 1449
1763987511776 29.0 1459
1763987516938 29.0 1469
1763987522118 29.0 1479
1763987527281 29.0 1489
1763987532113 29.0 1499
1763987533843 29.0 1499
1763987540123 30.0 1509
1763987545284 30.0 1519
1763987550469 30.0 1529
1763987555630 30.0 1539
1763987560457 30.0 1549
1763987562184 30.0 1549
1763987568603 31.0 1559
1763987573762 31.0 1569
1763987578941 31.0 1579
1763987584098 31.0 1589
1763987588937 31.0 1599
1763987590662 31.0 1599
1763987597011 32.0 1609
1763987602187 32.0 1619
1763987607353 32.0 1629
1763987612527 32.0 1639
1763987617351 32.0 1649
1763987619092 32.0 1649
1763987625556 33.0 1659
1763987630734 33.0 1669
1763987635910 33.0 1679
1763987641115 33.0 1689
1763987645935 33.0 1699
1763987647693 33.0 1699
1763987654330 34.0 1709
1763987659515 34.0 1719
1763987664671 34.0 1729
1763987669857 34.0 1739
1763987674675 34.0 1749
1763987676408 34.0 1749
1763987683257 35.0 1759
1763987688436 35.0 1769
1763987693595 35.0 1779
1763987698770 35.0 1789
1763987703589 35.0 1799
1763987705326 35.0 1799
1763987712033 36.0 1809
1763987717196 36.0 1819
1763987722366 36.0 1829
1763987727536 36.0 1839
1763987732360 36.0 1849
1763987734089 36.0 1849
1763987740716 37.0 1859
1763987745877 37.0 1869
1763987751049 37.0 1879
1763987756210 37.0 1889
1763987761046 37.0 1899
1763987762780 37.0 1899
1763987769212 38.0 1909
1763987774372 38.0 1919
1763987779551 38.0 1929
1763987784706 38.0 1939
1763987789548 38.0 1949
1763987791277 38.0 1949
1763987797781 39.0 1959
1763987802946 39.0 1969
1763987808113 39.0 1979
1763987813279 39.0 1989
1763987818112 39.0 1999
1763987819853 39.0 1999
1763987826335 40.0 2009
1763987831505 40.0 2019
1763987836663 40.0 2029
1763987841835 40.0 2039
1763987846658 40.0 2049
1763987848418 40.0 2049
1763987855366 41.0 2059
1763987860544 41.0 2069
1763987865706 41.0 2079
1763987870877 41.0 2089
1763987875698 41.0 2099
1763987877438 41.0 2099
1763987883833 42.0 2109
1763987889013 42.0 2119
1763987894168 42.0 2129
1763987899340 42.0 2139
1763987904182 42.0 2149
1763987905973 42.0 2149
1763987912724 43.0 2159
1763987917936 43.0 2169
1763987923147 43.0 2179
1763987928350 43.0 2189
1763987933180 43.0 2199
1763987934945 43.0 2199
1763987941750 44.0 2209
1763987946918 44.0 2219
1763987952101 44.0 2229
1763987957263 44.0 2239
1763987962098 44.0 2249
1763987963827 44.0 2249
1763987970560 45.0 2259
1763987975773 45.0 2269
1763987980952 45.0 2279
1763987986113 45.0 2289
1763987990948 45.0 2299
1763987992673 45.0 2299
1763987998998 46.0 2309
1763988004154 46.0 2319
1763988009331 46.0 2329
1763988014487 46.0 2339
1763988019327 46.0 2349
1763988021054 46.0 2349
1763988027481 47.0 2359
1763988032650 47.0 2369
1763988037839 47.0 2379
1763988043007 47.0 2389
1763988047831 47.0 2399
1763988049613 47.0 2399
1763988056307 48.0 2409
1763988061483 48.0 2419
1763988066706 48.0 2429
1763988072163 48.0 2439
1763988076961 48.0 2449
1763988078801 48.0 2449
1763988085618 49.0 2459
1763988090913 49.0 2469
1763988096549 49.0 2479
1763988101724 49.0 2489
1763988106521 49.0 2499
1763988108604 49.0 2499
1763988115368 50.0 2509
1763988120556 50.0 2519
1763988125749 50.0 2529
1763988130922 50.0 2539
1763988135745 50.0 2549
1763988137552 50.0 2549
1763988144267 51.0 2559
1763988149529 51.0 2569
1763988154685 51.0 2579
1763988159842 51.0 2589
1763988164670 51.0 2599
1763988166477 51.0 2599
1763988173127 52.0 2609
1763988178312 52.0 2619
1763988183530 52.0 2629
1763988188739 52.0 2639
1763988193679 52.0 2649
1763988195622 52.0 2649
1763988202520 53.0 2659
1763988207682 53.0 2669
1763988212830 53.0 2679
1763988217973 53.0 2689
1763988222831 53.0 2699
1763988224627 53.0 2699
1763988231371 54.0 2709
1763988236520 54.0 2719
1763988241665 54.0 2729
1763988246810 54.0 2739
1763988251660 54.0 2749
1763988253544 54.0 2749
1763988260512 55.0 2759
1763988265737 55.0 2769
1763988271004 55.0 2779
1763988276258 55.0 2789
1763988281116 55.0 2799
1763988282878 55.0 2799
1763988289456 56.0 2809
1763988294613 56.0 2819
1763988299795 56.0 2829
1763988304960 56.0 2839
1763988309800 56.0 2849
1763988311533 56.0 2849
1763988318176 57.0 2859
1763988323418 57.0 2869
1763988328600 57.0 2879
1763988333761 57.0 2889
1763988338596 57.0 2899
1763988340337 57.0 2899
1763988346925 58.0 2909
1763988352105 58.0 2919
1763988357295 58.0 2929
1763988363977 58.0 2939
1763988723998 58.0 2949
1763988725848 58.0 2949
1763988969147 59.0 2959
1763988983826 59.0 2969
1763990034702 59.0 2979
1763990069192 59.0 2989
1763990112425 59.0 2999
1763990129425 59.0 2999
1763990180854 60.0 3009
1763990981048 60.0 3019
1763990986475 60.0 3029
1763991136179 60.0 3039
1763991145193 60.0 3049
1763991147048 60.0 3049
1763991154008 61.0 3059
1763991159188 61.0 3069
1763991164369 61.0 3079
1763991169540 61.0 3089
1763991174502 61.0 3099
1763991176337 61.0 3099
1763991183139 62.0 3109
1763991188322 62.0 3119
1763991193777 62.0 3129
1763991690165 62.0 3139
1763992229704 62.0 3149
1763992231489 62.0 3149
1763992775142 63.0 3159
1763992810837 63.0 3169
1763993063412 63.0 3179
1763993604924 63.0 3189
1763994143809 63.0 3199
1763994145622 63.0 3199
1763994172980 64.0 3209
1763994214463 64.0 3219
1763994252025 64.0 3229
1763994290383 64.0 3239
1763994323911 64.0 3249
1763994702988 64.0 3249
1763994842048 65.0 3259
1763994847362 65.0 3269
1763994998842 65.0 3279
1763995538719 65.0 3289
1763995543799 65.0 3299
1763995622453 65.0 3299
1763996164526 66.0 3309
1763996172034 66.0 3319
1763996401670 66.0 3329
1763996454908 66.0 3339
1763996464361 66.0 3349
1763996500742 66.0 3349
1763996538933 67.0 3359
1763996577944 67.0 3369
1763996619133 67.0 3379
1763996709851 67.0 3389
1763996808079 67.0 3399
1763996809905 67.0 3399
1763996820095 68.0 3409
1763996836013 68.0 3419
1763996848079 68.0 3429
1763996882954 68.0 3439
1763996910615 68.0 3449
1763996912374 68.0 3449
1763996994134 69.0 3459
1763997000484 69.0 3469
1763997005681 69.0 3479
1763997010887 69.0 3489
1763997015695 69.0 3499
1763997017457 69.0 3499
1763997024636 70.0 3509
1763997029756 70.0 3519
1763997034879 70.0 3529
1763997039999 70.0 3539
1763997044782 70.0 3549
1763997046507 70.0 3549
1763997052886 71.0 3559
1763997058015 71.0 3569
1763997063193 71.0 3579
1763997068450 71.0 3589
1763997073273 71.0 3599
1763997075095 71.0 3599
1763997081985 72.0 3609
1763997087131 72.0 3619
1763997092262 72.0 3629
1763997097381 72.0 3639
1763997102162 72.0 3649
1763997103934 72.0 3649
1763997110463 73.0 3659
1763997115593 73.0 3669
1763997120711 73.0 3679
1763997125831 73.0 3689
1763997130608 73.0 3699
1763997132327 73.0 3699
1763997138686 74.0 3709
1763997143802 74.0 3719
1763997148923 74.0 3729
1763997154048 74.0 3739
1763997158865 74.0 3749
1763997160636 74.0 3749
1763997167236 75.0 3759
1763997172369 75.0 3769
1763997177520 75.0 3779
1763997182676 75.0 3789
1763997187470 75.0 3799
1763997189219 75.0 3799
1763997195782 76.0 3809
1763997200900 76.0 3819
1763997206014 76.0 3829
1763997211134 76.0 3839
1763997215918 76.0 3849
1763997217647 76.0 3849
1763997224251 77.0 3859
1763997229368 77.0 3869
1763997234486 77.0 3879
1763997239602 77.0 3889
1763997244387 77.0 3899
1763997246101 77.0 3899
1763997252614 78.0 3909
1763997257733 78.0 3919
1763997262851 78.0 3929
1763997267969 78.0 3939
1763997272748 78.0 3949
1763997274464 78.0 3949
1763997280926 79.0 3959
1763997286043 79.0 3969
1763997291159 79.0 3979
1763997296277 79.0 3989
1763997301056 79.0 3999
1763997302768 79.0 3999
