1763986666650 0.6511086225509644 9
1763986671862 0.7477829456329346 19
1763986677047 0.5042542219161987 29
1763986682243 0.5189676880836487 39
1763986689009 0.23841404914855957 49
1763986698287 0.4689873456954956 59
1763986703497 0.2502536177635193 69
1763986708721 0.341512531042099 79
1763986713888 0.3696882724761963 89
1763986718784 0.2752765417098999 99
1763986728144 0.2688863277435303 109
1763986733297 0.1620403528213501 119
1763986738454 0.17088636755943298 129
1763986743599 0.20987612009048462 139
1763986748453 0.46729958057403564 149
1763986757249 0.15852704644203186 159
1763986762609 0.1428823173046112 169
1763986767816 0.18020977079868317 179
1763986772974 0.2023048996925354 189
1763986777816 0.49532970786094666 199
1763986786604 0.15546661615371704 209
1763986791787 0.13617996871471405 219
1763986796970 0.12894831597805023 229
1763986802174 0.1352427452802658 239
1763986807050 0.5126819610595703 249
1763986817528 0.14458921551704407 259
1763986822737 0.13902297616004944 269
1763986827927 0.13628506660461426 279
1763986833117 0.1780049204826355 289
1763986837991 0.37016621232032776 299
1763986847734 0.11756056547164917 309
1763986853004 0.1192374899983406 319
1763986858216 0.12838737666606903 329
1763986863405 0.0884174257516861 339
1763986868272 0.15040475130081177 349
1763986877533 0.09997729957103729 359
1763986882730 0.09447380900382996 369
1763986887927 0.08731510490179062 379
1763986893101 0.09355677664279938 389
1763986897944 0.16533492505550385 399
1763986906168 0.08661415427923203 409
1763986911358 0.06715722382068634 419
1763986916522 0.07170651853084564 429
1763986921695 0.06348703056573868 439
1763986926520 0.34815725684165955 449
1763986935013 0.10127995908260345 459
1763986940194 0.11085997521877289 469
1763986945358 0.07903537899255753 479
1763986950543 0.07589027285575867 489
1763986955381 0.25890353322029114 499
1763986963759 0.07628676295280457 509
1763986968960 0.0818735808134079 519
1763986974125 0.10931938886642456 529
1763986979308 0.12887492775917053 539
1763986984130 0.36435121297836304 549
1763986992851 0.09901230037212372 559
1763986998070 0.10586073994636536 569
1763987003276 0.07457641512155533 579
1763987008480 0.09397847950458527 589
1763987013328 0.26911142468452454 599
1763987021727 0.05876835063099861 609
1763987026906 0.06392206996679306 619
1763987032086 0.09739662706851959 629
1763987037257 0.051428262144327164 639
1763987042086 0.17354457080364227 649
1763987050381 0.06688257306814194 659
1763987055547 0.056750595569610596 669
1763987060748 0.1514720469713211 679
1763987065925 0.07116056978702545 689
1763987070780 0.18792296946048737 699
1763987079264 0.09860395640134811 709
1763987084424 0.057384610176086426 719
1763987089605 0.05638516694307327 729
1763987094772 0.042821627110242844 739
1763987099651 0.052040234208106995 749
1763987107943 0.05371853709220886 759
1763987113111 0.04501271992921829 769
1763987118296 0.047090835869312286 779
1763987123464 0.04755021259188652 789
1763987128310 0.16335798799991608 799
1763987136733 0.057243119925260544 809
1763987141923 0.04143688455224037 819
1763987147113 0.050579607486724854 829
1763987152311 0.0470915324985981 839
1763987157157 0.082425057888031 849
1763987166188 0.05084843933582306 859
1763987171366 0.040519312024116516 869
1763987176538 0.03924715518951416 879
1763987181711 0.0871385931968689 889
1763987186534 0.14313927292823792 899
1763987194862 0.05162278562784195 909
1763987200060 0.047522567212581635 919
1763987205209 0.03365451842546463 929
1763987210449 0.03664757311344147 939
1763987215297 0.055386725813150406 949
1763987223676 0.03822063282132149 959
1763987228859 0.033087823539972305 969
1763987234014 0.047794193029403687 979
1763987239195 0.030994947999715805 989
1763987244019 0.0926496684551239 999
1763987252442 0.031878761947155 1009
1763987257611 0.03927408158779144 1019
1763987262794 0.03283046931028366 1029
1763987267983 0.03756028786301613 1039
1763987272815 0.10919052362442017 1049
1763987281303 0.03204035758972168 1059
1763987286469 0.035238806158304214 1069
1763987291637 0.043013811111450195 1079
1763987296800 0.031425196677446365 1089
1763987301662 0.0549263097345829 1099
1763987309971 0.027926169335842133 1109
1763987315169 0.03223129361867905 1119
1763987320347 0.03142900764942169 1129
1763987325539 0.03646739944815636 1139
1763987330385 0.8055992126464844 1149
1763987338750 0.06472507864236832 1159
1763987343909 0.057626642286777496 1169
1763987349125 0.07168422639369965 1179
1763987354337 0.058134205639362335 1189
1763987359192 0.956154465675354 1199
1763987367603 0.08368217945098877 1209
1763987372770 0.07644098252058029 1219
1763987377943 0.05266334116458893 1229
1763987383109 0.06057344377040863 1239
1763987387941 0.2623520791530609 1249
1763987396223 0.09911566972732544 1259
1763987401419 0.07665273547172546 1269
1763987406596 0.06638360768556595 1279
1763987411782 0.059761688113212585 1289
1763987416629 0.22498546540737152 1299
1763987425161 0.06567609310150146 1309
1763987430443 0.05932439863681793 1319
1763987435643 0.05924789980053902 1329
1763987440858 0.05695263668894768 1339
1763987445682 0.09199956059455872 1349
1763987454292 0.04934142157435417 1359
1763987459475 0.0376979261636734 1369
1763987464640 0.043193649500608444 1379
1763987469823 0.04893765598535538 1389
1763987474638 0.08519062399864197 1399
1763987482952 0.0451803132891655 1409
1763987488126 0.03754819184541702 1419
1763987493295 0.033747997134923935 1429
1763987498472 0.034850701689720154 1439
1763987503289 0.2434772104024887 1449
1763987511776 0.11848193407058716 1459
1763987516938 0.06138084828853607 1469
1763987522118 0.052773021161556244 1479
1763987527281 0.04304482787847519 1489
1763987532113 0.16283878684043884 1499
1763987540123 0.042658284306526184 1509
1763987545284 0.04871634393930435 1519
1763987550469 0.03574936464428902 1529
1763987555630 0.033826276659965515 1539
1763987560457 0.13352727890014648 1549
1763987568603 0.037277743220329285 1559
1763987573762 0.03517400845885277 1569
1763987578941 0.033215273171663284 1579
1763987584098 0.040858954191207886 1589
1763987588937 0.10001125186681747 1599
1763987597011 0.035719942301511765 1609
1763987602187 0.03213116526603699 1619
1763987607353 0.037043794989585876 1629
1763987612527 0.03147038072347641 1639
1763987617351 0.10412006080150604 1649
1763987625556 0.0367632731795311 1659
1763987630734 0.02717897668480873 1669
1763987635910 0.028551356866955757 1679
1763987641115 0.02757357805967331 1689
1763987645935 0.14467591047286987 1699
1763987654330 0.03899514675140381 1709
1763987659515 0.029960118234157562 1719
1763987664671 0.03167754411697388 1729
1763987669857 0.03796885907649994 1739
1763987674675 0.23353153467178345 1749
1763987683257 0.050954945385456085 1759
1763987688436 0.12294985353946686 1769
1763987693595 0.04884023219347 1779
1763987698770 0.07142002880573273 1789
1763987703589 0.6510846018791199 1799
1763987712033 0.050109151750802994 1809
1763987717196 0.05451525002717972 1819
1763987722366 0.034017324447631836 1829
1763987727536 0.04923621565103531 1839
1763987732360 0.11112911999225616 1849
1763987740716 0.033170223236083984 1859
1763987745877 0.03457612916827202 1869
1763987751049 0.03312578797340393 1879
1763987756210 0.02791152335703373 1889
1763987761046 0.04963327944278717 1899
1763987769212 0.037634775042533875 1909
1763987774372 0.0374373123049736 1919
1763987779551 0.027566401287913322 1929
1763987784706 0.039659351110458374 1939
1763987789548 0.1227220892906189 1949
1763987797781 0.056490249931812286 1959
1763987802946 0.03993148356676102 1969
1763987808113 0.049638763070106506 1979
1763987813279 0.03674657642841339 1989
1763987818112 0.08390825986862183 1999
1763987826335 0.02885427698493004 2009
1763987831505 0.03517896682024002 2019
1763987836663 0.03465988487005234 2029
1763987841835 0.03735913708806038 2039
1763987846658 0.03903725743293762 2049
1763987855366 0.02815268002450466 2059
1763987860544 0.02858181670308113 2069
1763987865706 0.026759620755910873 2079
1763987870877 0.02905850112438202 2089
1763987875698 0.04508150368928909 2099
1763987883833 0.030766643583774567 2109
1763987889013 0.028775464743375778 2119
1763987894168 0.04494103044271469 2129
1763987899340 0.03294667974114418 2139
1763987904182 0.07869544625282288 2149
1763987912724 0.030643194913864136 2159
1763987917936 0.02454463392496109 2169
1763987923147 0.029290271922945976 2179
1763987928350 0.027137810364365578 2189
1763987933180 0.10368643701076508 2199
1763987941750 0.02731805294752121 2209
1763987946918 0.0557926669716835 2219
1763987952101 0.024304799735546112 2229
1763987957263 0.030089762061834335 2239
1763987962098 0.06888927519321442 2249
1763987970560 0.027679599821567535 2259
1763987975773 0.022740337997674942 2269
1763987980952 0.027552776038646698 2279
1763987986113 0.02127392590045929 2289
1763987990948 0.0820913016796112 2299
1763987998998 0.030523354187607765 2309
1763988004154 0.023356277495622635 2319
1763988009331 0.022319171577692032 2329
1763988014487 0.02130463533103466 2339
1763988019327 0.043830569833517075 2349
1763988027481 0.02958347648382187 2359
1763988032650 0.026304423809051514 2369
1763988037839 0.026418855413794518 2379
1763988043007 0.021754764020442963 2389
1763988047831 0.03105095960199833 2399
1763988056307 0.02592797763645649 2409
1763988061483 0.023253776133060455 2419
1763988066706 0.020831357687711716 2429
1763988072163 0.026940930634737015 2439
1763988076961 0.05657410994172096 2449
1763988085618 0.031203284859657288 2459
1763988090913 0.03613295778632164 2469
1763988096549 0.02407505363225937 2479
1763988101724 0.025032591074705124 2489
1763988106521 0.05603906512260437 2499
1763988115368 0.02196051925420761 2509
1763988120556 0.025869589298963547 2519
1763988125749 0.026422832161188126 2529
1763988130922 0.022096440196037292 2539
1763988135745 0.04986826330423355 2549
1763988144267 0.031855516135692596 2559
1763988149529 0.03093905560672283 2569
1763988154685 0.023469818755984306 2579
1763988159842 0.024480827152729034 2589
1763988164670 0.057849787175655365 2599
1763988173127 0.03154023736715317 2609
1763988178312 0.02102673053741455 2619
1763988183530 0.0202624648809433 2629
1763988188739 0.021450627595186234 2639
1763988193679 0.08453992009162903 2649
1763988202520 0.029620956629514694 2659
1763988207682 0.025249222293496132 2669
1763988212830 0.02297198213636875 2679
1763988217973 0.02333197370171547 2689
1763988222831 0.06498917937278748 2699
1763988231371 0.025728536769747734 2709
1763988236520 0.03231479600071907 2719
1763988241665 0.03372754156589508 2729
1763988246810 0.02632969245314598 2739
1763988251660 0.0435851514339447 2749
1763988260512 0.026898982003331184 2759
1763988265737 0.025896336883306503 2769
1763988271004 0.02355562523007393 2779
1763988276258 0.029061201959848404 2789
1763988281116 0.03651418536901474 2799
1763988289456 0.024283092468976974 2809
1763988294613 0.02861490659415722 2819
1763988299795 0.02039620280265808 2829
1763988304960 0.0228074099868536 2839
1763988309800 0.04459598660469055 2849
1763988318176 0.0342855378985405 2859
1763988323418 0.02262408658862114 2869
1763988328600 0.02033049240708351 2879
1763988333761 0.020139625295996666 2889
1763988338596 0.0663546472787857 2899
1763988346925 0.023059740662574768 2909
1763988352105 0.02505151368677616 2919
1763988357295 0.03587920218706131 2929
1763988363977 0.02938569150865078 2939
1763988723998 0.057397231459617615 2949
1763988969147 0.02663707360625267 2959
1763988983826 0.03357205539941788 2969
1763990034702 0.02280747890472412 2979
1763990069192 0.02229159325361252 2989
1763990112425 0.030057083815336227 2999
1763990180854 0.02477361634373665 3009
1763990981048 0.02008519321680069 3019
1763990986475 0.023860108107328415 3029
1763991136179 0.02315208874642849 3039
1763991145193 0.05957096815109253 3049
1763991154008 0.03384328633546829 3059
1763991159188 0.027019783854484558 3069
1763991164369 0.021446457132697105 3079
1763991169540 0.02517896518111229 3089
1763991174502 0.08703625947237015 3099
1763991183139 0.02082807570695877 3109
1763991188322 0.022173825651407242 3119
1763991193777 0.026063667610287666 3129
1763991690165 0.022954538464546204 3139
1763992229704 0.06161808967590332 3149
1763992775142 0.02489469386637211 3159
1763992810837 0.025231651961803436 3169
1763993063412 0.02137044630944729 3179
1763993604924 0.023929890245199203 3189
1763994143809 0.05447994917631149 3199
1763994172980 0.020980078727006912 3209
1763994214463 0.023991305381059647 3219
1763994252025 0.0209710244089365 3229
1763994290383 0.0200594924390316 3239
1763994323911 0.026755398139357567 3249
1763994842048 0.020293597131967545 3259
1763994847362 0.020275313407182693 3269
1763994998842 0.027491306886076927 3279
1763995538719 0.02409980446100235 3289
1763995543799 0.047004394233226776 3299
1763996164526 0.025629179552197456 3309
1763996172034 0.019264250993728638 3319
1763996401670 0.023668736219406128 3329
1763996454908 0.021018827334046364 3339
1763996464361 0.059768788516521454 3349
1763996538933 0.02273285761475563 3359
1763996577944 0.021600397303700447 3369
1763996619133 0.020502030849456787 3379
1763996709851 0.023037176579236984 3389
1763996808079 0.03477733954787254 3399
1763996820095 0.024323072284460068 3409
1763996836013 0.02262488380074501 3419
1763996848079 0.02104354463517666 3429
1763996882954 0.01912246271967888 3439
1763996910615 0.05059180036187172 3449
1763996994134 0.024004973471164703 3459
1763997000484 0.01958058401942253 3469
1763997005681 0.020404353737831116 3479
1763997010887 0.023222221061587334 3489
1763997015695 0.03111204132437706 3499
1763997024636 0.018517784774303436 3509
1763997029756 0.02413688227534294 3519
1763997034879 0.01854240708053112 3529
1763997039999 0.024507731199264526 3539
1763997044782 0.03264554589986801 3549
1763997052886 0.017660479992628098 3559
1763997058015 0.019014457240700722 3569
1763997063193 0.0200075414031744 3579
1763997068450 0.01770058460533619 3589
1763997073273 0.051128581166267395 3599
1763997081985 0.030193911865353584 3609
1763997087131 0.02433735318481922 3619
1763997092262 0.021450277417898178 3629
1763997097381 0.03202366828918457 3639
1763997102162 0.06342323869466782 3649
1763997110463 0.03535327687859535 3659
1763997115593 0.02922351099550724 3669
1763997120711 0.027003159746527672 3679
1763997125831 0.035307835787534714 3689
1763997130608 0.03715980052947998 3699
1763997138686 0.026951275765895844 3709
1763997143802 0.02123834192752838 3719
1763997148923 0.025216665118932724 3729
1763997154048 0.025017820298671722 3739
1763997158865 0.0547746941447258 3749
1763997167236 0.01914067566394806 3759
1763997172369 0.021975046023726463 3769
1763997177520 0.025731613859534264 3779
1763997182676 0.028529778122901917 3789
1763997187470 0.03784850984811783 3799
1763997195782 0.021825991570949554 3809
1763997200900 0.01867583580315113 3819
1763997206014 0.02934788167476654 3829
1763997211134 0.020717816427350044 3839
1763997215918 0.04221902787685394 3849
1763997224251 0.021482504904270172 3859
1763997229368 0.023077791556715965 3869
1763997234486 0.019524838775396347 3879
1763997239602 0.0261676125228405 3889
1763997244387 0.03216208517551422 3899
1763997252614 0.019448712468147278 3909
1763997257733 0.02003314346075058 3919
1763997262851 0.01791396550834179 3929
1763997267969 0.02232535369694233 3939
1763997272748 0.041987791657447815 3949
1763997280926 0.019572097808122635 3959
1763997286043 0.021611962467432022 3969
1763997291159 0.020288167521357536 3979
1763997296277 0.02010558545589447 3989
1763997301056 0.5430724024772644 3999
