1764251973057 0.0 9
1764251975936 0.0 19
1764251978813 0.0 29
1764251981570 0.0 39
1764251983820 0.0 43
1764251985530 1.0 49
1764251988952 1.0 59
1764251991714 1.0 69
1764251994467 1.0 79
1764251997371 1.0 87
1764251997963 2.0 89
1764252000739 2.0 99
1764252003503 2.0 109
1764252006276 2.0 119
1764252009050 2.0 129
1764252010304 2.0 131
1764252012559 3.0 139
1764252015323 3.0 149
1764252018078 3.0 159
1764252020829 3.0 169
1764252023176 3.0 175
1764252024305 4.0 179
1764252027061 4.0 189
1764252029844 4.0 199
1764252035099 4.0 209
1764252038906 4.0 219
1764252040180 4.0 219
1764252042999 5.0 229
1764252046399 5.0 239
1764252049276 5.0 249
1764252052037 5.0 259
1764252053817 5.0 263
1764252055556 6.0 269
1764252058382 6.0 279
1764252061168 6.0 289
1764252063945 6.0 299
1764252066807 6.0 307
1764252067440 7.0 309
1764252070246 7.0 319
1764252073087 7.0 329
1764252075856 7.0 339
1764252078637 7.0 349
1764252079930 7.0 351
1764252082172 8.0 359
1764252084921 8.0 369
1764252087673 8.0 379
1764252090442 8.0 389
1764252092899 8.0 395
1764252094057 9.0 399
1764252096842 9.0 409
1764252099596 9.0 419
1764252102344 9.0 429
1764252105011 9.0 439
1764252105808 9.0 439
1764252108596 10.0 449
1764252111359 10.0 459
1764252114106 10.0 469
1764252116910 10.0 479
1764252118715 10.0 483
1764252120389 11.0 489
1764252123172 11.0 499
1764252125930 11.0 509
1764252128675 11.0 519
1764252131566 11.0 527
1764252132154 12.0 529
1764252134911 12.0 539
1764252137677 12.0 549
1764252140441 12.0 559
1764252143183 12.0 569
1764252144415 12.0 571
1764252146645 13.0 579
1764252149409 13.0 589
1764252152205 13.0 599
1764252155012 13.0 609
1764252157400 13.0 615
1764252158539 14.0 619
1764252161295 14.0 629
1764252164047 14.0 639
1764252166800 14.0 649
1764252169480 14.0 659
1764252170296 14.0 659
1764252173125 15.0 669
1764252175890 15.0 679
1764252178667 15.0 689
1764252181436 15.0 699
1764252183306 15.0 703
1764252184986 16.0 709
1764252187737 16.0 719
1764252190599 16.0 729
1764252193380 16.0 739
1764252196292 16.0 747
1764252197009 17.0 749
1764252199843 17.0 759
1764252202613 17.0 769
1764252205405 17.0 779
1764252208168 17.0 789
1764252209405 17.0 791
1764252211623 18.0 799
1764252214381 18.0 809
1764252217127 18.0 819
1764252219885 18.0 829
1764252222336 18.0 835
1764252223477 19.0 839
1764252226224 19.0 849
1764252228990 19.0 859
1764252231762 19.0 869
1764252234428 19.0 879
1764252235235 19.0 879
1764252237997 20.0 889
1764252240770 20.0 899
1764252243539 20.0 909
1764252246369 20.0 919
1764252248149 20.0 923
1764252249826 21.0 929
1764252252577 21.0 939
1764252255378 21.0 949
1764252258387 21.0 959
1764252261316 21.0 967
1764252261900 22.0 969
1764252264842 22.0 979
1764252267593 22.0 989
1764252270349 22.0 999
1764252273110 22.0 1009
1764252274362 22.0 1011
1764252276592 23.0 1019
1764252279352 23.0 1029
1764252282097 23.0 1039
1764252284849 23.0 1049
1764252287189 23.0 1055
1764252288351 24.0 1059
1764252291161 24.0 1069
1764252293921 24.0 1079
1764252296943 24.0 1089
1764252299811 24.0 1099
1764252300669 24.0 1099
1764252303645 25.0 1109
1764252306625 25.0 1119
1764252309498 25.0 1129
1764252312251 25.0 1139
1764252314015 25.0 1143
1764252315677 26.0 1149
1764252318614 26.0 1159
1764252321377 26.0 1169
1764252324121 26.0 1179
1764252326980 26.0 1187
1764252327548 27.0 1189
1764252330311 27.0 1199
1764252333060 27.0 1209
1764252335835 27.0 1219
1764252338725 27.0 1229
1764252339985 27.0 1231
1764252342246 28.0 1239
1764252345011 28.0 1249
1764252347767 28.0 1259
1764252350553 28.0 1269
1764252352884 28.0 1275
1764252354021 29.0 1279
1764252356776 29.0 1289
1764252359525 29.0 1299
1764252362286 29.0 1309
1764252365073 29.0 1319
1764252365891 29.0 1319
1764252368804 30.0 1329
1764252371690 30.0 1339
1764252374471 30.0 1349
1764252377240 30.0 1359
1764252379042 30.0 1363
1764252380743 31.0 1369
1764252383493 31.0 1379
1764252386472 31.0 1389
1764252389449 31.0 1399
1764252392439 31.0 1407
1764252393005 32.0 1409
1764252395817 32.0 1419
1764252398569 32.0 1429
1764252401349 32.0 1439
1764252404113 32.0 1449
1764252405368 32.0 1451
1764252407593 33.0 1459
1764252410426 33.0 1469
1764252413214 33.0 1479
1764252415963 33.0 1489
1764252418288 33.0 1495
1764252419424 34.0 1499
1764252422212 34.0 1509
1764252425100 34.0 1519
1764252427866 34.0 1529
1764252430528 34.0 1539
1764252431333 34.0 1539
1764252434145 35.0 1549
1764252436941 35.0 1559
1764252439689 35.0 1569
1764252442431 35.0 1579
1764252444299 35.0 1583
1764252445996 36.0 1589
1764252448747 36.0 1599
1764252451505 36.0 1609
1764252454263 36.0 1619
1764252457142 36.0 1627
1764252457718 37.0 1629
1764252460473 37.0 1639
1764252463221 37.0 1649
1764252466222 37.0 1659
1764252469069 37.0 1669
1764252470454 37.0 1671
1764252472728 38.0 1679
1764252475529 38.0 1689
1764252478282 38.0 1699
1764252481033 38.0 1709
1764252483382 38.0 1715
1764252484513 39.0 1719
1764252487296 39.0 1729
1764252490089 39.0 1739
1764252492890 39.0 1749
1764252495566 39.0 1759
1764252496371 39.0 1759
1764252499193 40.0 1769
1764252502018 40.0 1779
1764252505645 40.0 1789
1764252509685 40.0 1799
1764252511677 40.0 1803
1764252513400 41.0 1809
1764252516177 41.0 1819
1764252518944 41.0 1829
1764252521691 41.0 1839
1764252524574 41.0 1847
1764252525241 42.0 1849
1764252528003 42.0 1859
1764252530837 42.0 1869
1764252533701 42.0 1879
1764252536533 42.0 1889
1764252537786 42.0 1891
1764252540040 43.0 1899
1764252542800 43.0 1909
1764252545807 43.0 1919
1764252548567 43.0 1929
1764252550911 43.0 1935
1764252552021 44.0 1939
1764252554772 44.0 1949
1764252557527 44.0 1959
1764252560283 44.0 1969
1764252562952 44.0 1979
1764252563723 44.0 1979
1764252566492 45.0 1989
1764252569238 45.0 1999
1764252571985 45.0 2009
1764252574749 45.0 2019
1764252576561 45.0 2023
1764252578268 46.0 2029
1764252581030 46.0 2039
1764252583779 46.0 2049
1764252586527 46.0 2059
1764252589392 46.0 2067
1764252589964 47.0 2069
1764252592732 47.0 2079
1764252595489 47.0 2089
1764252598257 47.0 2099
1764252601576 47.0 2109
1764252602850 47.0 2111
1764252605099 48.0 2119
1764252607870 48.0 2129
1764252610630 48.0 2139
1764252613398 48.0 2149
1764252615782 48.0 2155
1764252616910 49.0 2159
1764252619665 49.0 2169
1764252622417 49.0 2179
1764252625164 49.0 2189
1764252627839 49.0 2199
1764252628598 49.0 2199
1764252631356 50.0 2209
1764252634125 50.0 2219
1764252636891 50.0 2229
1764252639673 50.0 2239
1764252641466 50.0 2243
