1764251973057 0.8504580855369568 9
1764251975936 0.5516903400421143 19
1764251978813 0.4607612192630768 29
1764251981570 0.4182044267654419 39
1764251985530 0.3437716066837311 49
1764251988952 0.221747025847435 59
1764251991714 0.21007417142391205 69
1764251994467 0.23027119040489197 79
1764251997963 0.21035614609718323 89
1764252000739 0.17071445286273956 99
1764252003503 0.14341314136981964 109
1764252006276 0.14788290858268738 119
1764252009050 0.15110844373703003 129
1764252012559 0.11336406320333481 139
1764252015323 0.15456876158714294 149
1764252018078 0.1006557047367096 159
1764252020829 0.08669844269752502 169
1764252024305 0.09038098901510239 179
1764252027061 0.07643180340528488 189
1764252029844 0.09159225225448608 199
1764252035099 0.07320507615804672 209
1764252038906 0.06870170682668686 219
1764252042999 0.06746498495340347 229
1764252046399 0.08092765510082245 239
1764252049276 0.07125187665224075 249
1764252052037 0.12134553492069244 259
1764252055556 0.08941183984279633 269
1764252058382 0.06664904952049255 279
1764252061168 0.08651386201381683 289
1764252063945 0.05597611144185066 299
1764252067440 0.05563635379076004 309
1764252070246 0.058291684836149216 319
1764252073087 0.05605601891875267 329
1764252075856 0.06155334413051605 339
1764252078637 0.10685316473245621 349
1764252082172 0.05706605687737465 359
1764252084921 0.06853771954774857 369
1764252087673 0.06871869415044785 379
1764252090442 0.048487503081560135 389
1764252094057 0.05026227980852127 399
1764252096842 0.047876838594675064 409
1764252099596 0.05221545696258545 419
1764252102344 0.04643595218658447 429
1764252105011 0.05513176694512367 439
1764252108596 0.050676919519901276 449
1764252111359 0.04700504243373871 459
1764252114106 0.048884376883506775 469
1764252116910 0.05432955175638199 479
1764252120389 0.07290706783533096 489
1764252123172 0.049168672412633896 499
1764252125930 0.04374470189213753 509
1764252128675 0.04345608502626419 519
1764252132154 0.04606795310974121 529
1764252134911 0.05887327343225479 539
1764252137677 0.04441314935684204 549
1764252140441 0.047894321382045746 559
1764252143183 0.07406109571456909 569
1764252146645 0.05212505906820297 579
1764252149409 0.04141460359096527 589
1764252152205 0.0473889522254467 599
1764252155012 0.04017990827560425 609
1764252158539 0.043926872313022614 619
1764252161295 0.045296769589185715 629
1764252164047 0.04478911682963371 639
1764252166800 0.04133135825395584 649
1764252169480 0.043460555374622345 659
1764252173125 0.03991799056529999 669
1764252175890 0.041843313723802567 679
1764252178667 0.059483520686626434 689
1764252181436 0.06413324177265167 699
1764252184986 0.053684741258621216 709
1764252187737 0.04961596801877022 719
1764252190599 0.04747159779071808 729
1764252193380 0.06069086119532585 739
1764252197009 0.04915710538625717 749
1764252199843 0.04334583133459091 759
1764252202613 0.03950302675366402 769
1764252205405 0.036781203001737595 779
1764252208168 0.03862817957997322 789
1764252211623 0.038764361292123795 799
1764252214381 0.06326000392436981 809
1764252217127 0.037305280566215515 819
1764252219885 0.04228825494647026 829
1764252223477 0.03825916349887848 839
1764252226224 0.036514200270175934 849
1764252228990 0.041793569922447205 859
1764252231762 0.04677503556013107 869
1764252234428 0.0443245954811573 879
1764252237997 0.036018796265125275 889
1764252240770 0.04200821742415428 899
1764252243539 0.04185107722878456 909
1764252246369 0.04349134862422943 919
1764252249826 0.0367286242544651 929
1764252252577 0.04307035729289055 939
1764252255378 0.04098671302199364 949
1764252258387 0.03722561150789261 959
1764252261900 0.03856820985674858 969
1764252264842 0.04336579144001007 979
1764252267593 0.0485839769244194 989
1764252270349 0.041182346642017365 999
1764252273110 0.038732413202524185 1009
1764252276592 0.04535559564828873 1019
1764252279352 0.035254545509815216 1029
1764252282097 0.03819144517183304 1039
1764252284849 0.03709813952445984 1049
1764252288351 0.03916995972394943 1059
1764252291161 0.035321883857250214 1069
1764252293921 0.03485112264752388 1079
1764252296943 0.03628130629658699 1089
1764252299811 0.049134328961372375 1099
1764252303645 0.05629179626703262 1109
1764252306625 0.03632332757115364 1119
1764252309498 0.03484111279249191 1129
1764252312251 0.07226810604333878 1139
1764252315677 0.039108213037252426 1149
1764252318614 0.03524620458483696 1159
1764252321377 0.041425157338380814 1169
1764252324121 0.044113174080848694 1179
1764252327548 0.042011260986328125 1189
1764252330311 0.03594590350985527 1199
1764252333060 0.0483478382229805 1209
1764252335835 0.041859593242406845 1219
1764252338725 0.07227716594934464 1229
1764252342246 0.03614816069602966 1239
1764252345011 0.03710704669356346 1249
1764252347767 0.03864183649420738 1259
1764252350553 0.04073415324091911 1269
1764252354021 0.04175563156604767 1279
1764252356776 0.03544224053621292 1289
1764252359525 0.034789055585861206 1299
1764252362286 0.0384763740003109 1309
1764252365073 0.03709661215543747 1319
1764252368804 0.05760888755321503 1329
1764252371690 0.0463530570268631 1339
1764252374471 0.055982623249292374 1349
1764252377240 0.07740894705057144 1359
1764252380743 0.03668596222996712 1369
1764252383493 0.033506400883197784 1379
1764252386472 0.04391919821500778 1389
1764252389449 0.04025532305240631 1399
1764252393005 0.04084031656384468 1409
1764252395817 0.036319710314273834 1419
1764252398569 0.050819382071495056 1429
1764252401349 0.04644954577088356 1439
1764252404113 0.036575719714164734 1449
1764252407593 0.03562794625759125 1459
1764252410426 0.037255819886922836 1469
1764252413214 0.03393564373254776 1479
1764252415963 0.03684098273515701 1489
1764252419424 0.03772130236029625 1499
1764252422212 0.037179648876190186 1509
1764252425100 0.03736140951514244 1519
1764252427866 0.06259729713201523 1529
1764252430528 0.0776766836643219 1539
1764252434145 0.03455109894275665 1549
1764252436941 0.03603776544332504 1559
1764252439689 0.036833204329013824 1569
1764252442431 0.038572635501623154 1579
1764252445996 0.050935499370098114 1589
1764252448747 0.03320688009262085 1599
1764252451505 0.04987161606550217 1609
1764252454263 0.03521466255187988 1619
1764252457718 0.04371289908885956 1629
1764252460473 0.03620772436261177 1639
1764252463221 0.038908567279577255 1649
1764252466222 0.038342297077178955 1659
1764252469069 0.05760674923658371 1669
1764252472728 0.1100136786699295 1679
1764252475529 0.03252691403031349 1689
1764252478282 0.03854011744260788 1699
1764252481033 0.03493143990635872 1709
1764252484513 0.037508342415094376 1719
1764252487296 0.04014008864760399 1729
1764252490089 0.033925749361515045 1739
1764252492890 0.03650805726647377 1749
1764252495566 0.038697078824043274 1759
1764252499193 0.033007845282554626 1769
1764252502018 0.03478633984923363 1779
1764252505645 0.041800301522016525 1789
1764252509685 0.03369922190904617 1799
1764252513400 0.03549239784479141 1809
1764252516177 0.034585949033498764 1819
1764252518944 0.06433919072151184 1829
1764252521691 0.033940933644771576 1839
1764252525241 0.04189818352460861 1849
1764252528003 0.03381127119064331 1859
1764252530837 0.06501349061727524 1869
1764252533701 0.04645185545086861 1879
1764252536533 0.03777813911437988 1889
1764252540040 0.04222964495420456 1899
1764252542800 0.040952373296022415 1909
1764252545807 0.059507034718990326 1919
1764252548567 0.031919121742248535 1929
1764252552021 0.04849820211529732 1939
1764252554772 0.032595325261354446 1949
1764252557527 0.11655490100383759 1959
1764252560283 0.032241325825452805 1969
1764252562952 0.05440082401037216 1979
1764252566492 0.04380969703197479 1989
1764252569238 0.03564215451478958 1999
1764252571985 0.03477909788489342 2009
1764252574749 0.0318932980298996 2019
1764252578268 0.04377363622188568 2029
1764252581030 0.03489864617586136 2039
1764252583779 0.03024410456418991 2049
1764252586527 0.034059152007102966 2059
1764252589964 0.03609524294734001 2069
1764252592732 0.031921446323394775 2079
1764252595489 0.04928240180015564 2089
1764252598257 0.032473571598529816 2099
1764252601576 0.030858516693115234 2109
1764252605099 0.03325020521879196 2119
1764252607870 0.041826218366622925 2129
1764252610630 0.04431319236755371 2139
1764252613398 0.03526800125837326 2149
1764252616910 0.030588388442993164 2159
1764252619665 0.031409651041030884 2169
1764252622417 0.035246800631284714 2179
1764252625164 0.03853285312652588 2189
1764252627839 0.047974083572626114 2199
1764252631356 0.03418882191181183 2209
1764252634125 0.03161529079079628 2219
1764252636891 0.03635040298104286 2229
1764252639673 0.04569154977798462 2239
