1764248676470 0.0 9
1764248679312 0.0 19
1764248682141 0.0 29
1764248684968 0.0 39
1764248688082 0.0 43
1764248689870 1.0 49
1764248692675 1.0 59
1764248695479 1.0 69
1764248698261 1.0 79
1764248701152 1.0 87
1764248701716 2.0 89
1764248704454 2.0 99
1764248707189 2.0 109
1764248709939 2.0 119
1764248712664 2.0 129
1764248713873 2.0 131
1764248716083 3.0 139
1764248718824 3.0 149
1764248721572 3.0 159
1764248724311 3.0 169
1764248726633 3.0 175
1764248727755 4.0 179
1764248730504 4.0 189
1764248733268 4.0 199
1764248736044 4.0 209
1764248738849 4.0 219
1764248739649 4.0 219
1764248742472 5.0 229
1764248745286 5.0 239
1764248748120 5.0 249
1764248751008 5.0 259
1764248752891 5.0 263
1764248754620 6.0 269
1764248757456 6.0 279
1764248760294 6.0 289
1764248763119 6.0 299
1764248766115 6.0 307
1764248766735 7.0 309
1764248769526 7.0 319
1764248772303 7.0 329
1764248775104 7.0 339
1764248777938 7.0 349
1764248779226 7.0 351
1764248781536 8.0 359
1764248784418 8.0 369
1764248787335 8.0 379
1764248790169 8.0 389
1764248792544 8.0 395
1764248793674 9.0 399
1764248796478 9.0 409
1764248799356 9.0 419
1764248802187 9.0 429
1764248804937 9.0 439
1764248805746 9.0 439
1764248808576 10.0 449
1764248811346 10.0 459
1764248814178 10.0 469
1764248816983 10.0 479
1764248818830 10.0 483
1764248820556 11.0 489
1764248823402 11.0 499
1764248826201 11.0 509
1764248829042 11.0 519
1764248831982 11.0 527
1764248832570 12.0 529
1764248835375 12.0 539
1764248838238 12.0 549
1764248841096 12.0 559
1764248843956 12.0 569
1764248845233 12.0 571
1764248847471 13.0 579
1764248850352 13.0 589
1764248853179 13.0 599
1764248856004 13.0 609
1764248858385 13.0 615
1764248859580 14.0 619
1764248862420 14.0 629
1764248865275 14.0 639
1764248868112 14.0 649
1764248870849 14.0 659
1764248871633 14.0 659
1764248874454 15.0 669
1764248877293 15.0 679
1764248880124 15.0 689
1764248882967 15.0 699
1764248884799 15.0 703
1764248886457 16.0 709
1764248889272 16.0 719
1764248892086 16.0 729
1764248894909 16.0 739
1764248897877 16.0 747
1764248898458 17.0 749
1764248901275 17.0 759
1764248904086 17.0 769
1764248906921 17.0 779
1764248909734 17.0 789
1764248911005 17.0 791
1764248913288 18.0 799
1764248916080 18.0 809
1764248918902 18.0 819
1764248921721 18.0 829
1764248924153 18.0 835
1764248925324 19.0 839
1764248928150 19.0 849
1764248930978 19.0 859
1764248933786 19.0 869
1764248936526 19.0 879
1764248937324 19.0 879
1764248940149 20.0 889
1764248943034 20.0 899
1764248945915 20.0 909
1764248948753 20.0 919
1764248950611 20.0 923
1764248952317 21.0 929
1764248955143 21.0 939
1764248957998 21.0 949
1764248960831 21.0 959
1764248963852 21.0 967
1764248964447 22.0 969
1764248967422 22.0 979
1764248970450 22.0 989
1764248973381 22.0 999
1764248976289 22.0 1009
1764248977806 22.0 1011
1764248980366 23.0 1019
1764248983189 23.0 1029
1764248985978 23.0 1039
1764248988795 23.0 1049
1764248991265 23.0 1055
1764248992413 24.0 1059
1764248995241 24.0 1069
1764248998044 24.0 1079
1764249000882 24.0 1089
1764249003667 24.0 1099
1764249004477 24.0 1099
1764249007278 25.0 1109
1764249010113 25.0 1119
1764249012972 25.0 1129
1764249015822 25.0 1139
1764249017650 25.0 1143
1764249019367 26.0 1149
1764249022211 26.0 1159
1764249025082 26.0 1169
1764249027930 26.0 1179
1764249030957 26.0 1187
1764249031532 27.0 1189
1764249034368 27.0 1199
1764249037192 27.0 1209
1764249040028 27.0 1219
1764249042873 27.0 1229
1764249044138 27.0 1231
1764249046388 28.0 1239
1764249049313 28.0 1249
1764249052109 28.0 1259
1764249054952 28.0 1269
1764249057361 28.0 1275
1764249058482 29.0 1279
1764249061339 29.0 1289
1764249064180 29.0 1299
1764249066972 29.0 1309
1764249069733 29.0 1319
1764249070566 29.0 1319
1764249073423 30.0 1329
1764249076242 30.0 1339
1764249079056 30.0 1349
1764249081877 30.0 1359
1764249083748 30.0 1363
1764249085453 31.0 1369
1764249088261 31.0 1379
1764249091093 31.0 1389
1764249093978 31.0 1399
1764249096953 31.0 1407
1764249097589 32.0 1409
1764249100423 32.0 1419
1764249103305 32.0 1429
1764249106119 32.0 1439
1764249108956 32.0 1449
1764249110277 32.0 1451
1764249112508 33.0 1459
1764249115356 33.0 1469
1764249118164 33.0 1479
1764249121065 33.0 1489
1764249123557 33.0 1495
1764249124703 34.0 1499
1764249127479 34.0 1509
1764249130330 34.0 1519
1764249133187 34.0 1529
1764249135941 34.0 1539
1764249136761 34.0 1539
1764249139586 35.0 1549
1764249142420 35.0 1559
1764249145260 35.0 1569
1764249148061 35.0 1579
1764249149945 35.0 1583
1764249151664 36.0 1589
1764249154521 36.0 1599
1764249157305 36.0 1609
1764249160167 36.0 1619
1764249163193 36.0 1627
1764249163799 37.0 1629
1764249166596 37.0 1639
1764249169429 37.0 1649
1764249172281 37.0 1659
1764249175127 37.0 1669
1764249176398 37.0 1671
1764249178630 38.0 1679
1764249181453 38.0 1689
1764249184307 38.0 1699
1764249187091 38.0 1709
1764249189530 38.0 1715
1764249190655 39.0 1719
1764249193468 39.0 1729
1764249196271 39.0 1739
1764249199083 39.0 1749
1764249201884 39.0 1759
1764249202758 39.0 1759
1764249205583 40.0 1769
1764249208402 40.0 1779
1764249211248 40.0 1789
1764249214091 40.0 1799
1764249215912 40.0 1803
1764249217591 41.0 1809
1764249220461 41.0 1819
1764249223315 41.0 1829
1764249226108 41.0 1839
1764249229068 41.0 1847
1764249229669 42.0 1849
1764249232516 42.0 1859
1764249235330 42.0 1869
1764249238207 42.0 1879
1764249241080 42.0 1889
1764249242399 42.0 1891
1764249244673 43.0 1899
1764249247451 43.0 1909
1764249250364 43.0 1919
1764249253260 43.0 1929
1764249255666 43.0 1935
1764249256809 44.0 1939
1764249259632 44.0 1949
1764249262492 44.0 1959
1764249265382 44.0 1969
1764249268160 44.0 1979
1764249268962 44.0 1979
1764249271973 45.0 1989
1764249274840 45.0 1999
1764249277828 45.0 2009
1764249280661 45.0 2019
1764249282501 45.0 2023
1764249284232 46.0 2029
1764249287087 46.0 2039
1764249289958 46.0 2049
1764249292782 46.0 2059
1764249295779 46.0 2067
1764249296345 47.0 2069
1764249299154 47.0 2079
1764249302009 47.0 2089
1764249304860 47.0 2099
1764249307655 47.0 2109
1764249308918 47.0 2111
1764249311216 48.0 2119
1764249314099 48.0 2129
1764249316913 48.0 2139
1764249319767 48.0 2149
1764249322238 48.0 2155
1764249323416 49.0 2159
1764249326282 49.0 2169
1764249329098 49.0 2179
1764249331964 49.0 2189
1764249334739 49.0 2199
1764249335536 49.0 2199
1764249338299 50.0 2209
1764249341118 50.0 2219
1764249343983 50.0 2229
1764249346785 50.0 2239
1764249348636 50.0 2243
1764249350335 51.0 2249
1764249353153 51.0 2259
1764249356006 51.0 2269
1764249358806 51.0 2279
1764249361821 51.0 2287
