1764248676470 0.8286614418029785 9
1764248679312 0.524099588394165 19
1764248682141 0.4315897226333618 29
1764248684968 0.3953678607940674 39
1764248689870 0.3208606541156769 49
1764248692675 0.19893202185630798 59
1764248695479 0.1926337331533432 69
1764248698261 0.222227543592453 79
1764248701716 0.1970854103565216 89
1764248704454 0.15379060804843903 99
1764248707189 0.13658347725868225 109
1764248709939 0.13213005661964417 119
1764248712664 0.14205387234687805 129
1764248716083 0.09646086394786835 139
1764248718824 0.14136359095573425 149
1764248721572 0.0922822654247284 159
1764248724311 0.07292179763317108 169
1764248727755 0.08022806793451309 179
1764248730504 0.06432051211595535 189
1764248733268 0.07821331918239594 199
1764248736044 0.06051341071724892 209
1764248738849 0.05762554705142975 219
1764248742472 0.05650894343852997 229
1764248745286 0.0664793848991394 239
1764248748120 0.05948968231678009 249
1764248751008 0.11128249019384384 259
1764248754620 0.07767514884471893 269
1764248757456 0.052647799253463745 279
1764248760294 0.06868023425340652 289
1764248763119 0.044673752039670944 299
1764248766735 0.04353562742471695 309
1764248769526 0.04527204856276512 319
1764248772303 0.04554426670074463 329
1764248775104 0.045034438371658325 339
1764248777938 0.0975627452135086 349
1764248781536 0.04832678660750389 359
1764248784418 0.056633222848176956 369
1764248787335 0.053979530930519104 379
1764248790169 0.037194084376096725 389
1764248793674 0.037714406847953796 399
1764248796478 0.03386480361223221 409
1764248799356 0.04061969742178917 419
1764248802187 0.03214205428957939 429
1764248804937 0.04125484451651573 439
1764248808576 0.03789364546537399 449
1764248811346 0.03233848512172699 459
1764248814178 0.03524886816740036 469
1764248816983 0.04252568632364273 479
1764248820556 0.061107199639081955 489
1764248823402 0.03715721517801285 499
1764248826201 0.030939947813749313 509
1764248829042 0.031852856278419495 519
1764248832570 0.034265000373125076 529
1764248835375 0.04917043447494507 539
1764248838238 0.03189704939723015 549
1764248841096 0.034579355269670486 559
1764248843956 0.059587106108665466 569
1764248847471 0.04073931276798248 579
1764248850352 0.03133635222911835 589
1764248853179 0.03392775356769562 599
1764248856004 0.02689305879175663 609
1764248859580 0.03041749633848667 619
1764248862420 0.033046234399080276 629
1764248865275 0.03294147551059723 639
1764248868112 0.027716398239135742 649
1764248870849 0.03172383829951286 659
1764248874454 0.02896268665790558 669
1764248877293 0.029539959505200386 679
1764248880124 0.04715102165937424 689
1764248882967 0.05106706917285919 699
1764248886457 0.04234282299876213 709
1764248889272 0.037101007997989655 719
1764248892086 0.03500823676586151 729
1764248894909 0.04810161143541336 739
1764248898458 0.0368533618748188 749
1764248901275 0.029854997992515564 759
1764248904086 0.027809064835309982 769
1764248906921 0.02405584789812565 779
1764248909734 0.02543594501912594 789
1764248913288 0.026258060708642006 799
1764248916080 0.05328311771154404 809
1764248918902 0.02558167651295662 819
1764248921721 0.0311279259622097 829
1764248925324 0.02631763368844986 839
1764248928150 0.024093899875879288 849
1764248930978 0.02887682616710663 859
1764248933786 0.03481784835457802 869
1764248936526 0.03420841693878174 879
1764248940149 0.025151029229164124 889
1764248943034 0.03150100260972977 899
1764248945915 0.03007175400853157 909
1764248948753 0.03287852555513382 919
1764248952317 0.02650495246052742 929
1764248955143 0.03191518038511276 939
1764248957998 0.028009481728076935 949
1764248960831 0.025159377604722977 959
1764248964447 0.025510214269161224 969
1764248967422 0.031806573271751404 979
1764248970450 0.03823399171233177 989
1764248973381 0.029128732159733772 999
1764248976289 0.027209743857383728 1009
1764248980366 0.034685440361499786 1019
1764248983189 0.02446158602833748 1029
1764248985978 0.02685694582760334 1039
1764248988795 0.025210920721292496 1049
1764248992413 0.02696869894862175 1059
1764248995241 0.023032382130622864 1069
1764248998044 0.02268127351999283 1079
1764249000882 0.02340397797524929 1089
1764249003667 0.03700105473399162 1099
1764249007278 0.04560671001672745 1109
1764249010113 0.024089863523840904 1119
1764249012972 0.021983526647090912 1129
1764249015822 0.059718020260334015 1139
1764249019367 0.02616974338889122 1149
1764249022211 0.0241311714053154 1159
1764249025082 0.02945083938539028 1169
1764249027930 0.03155031427741051 1179
1764249031532 0.030224531888961792 1189
1764249034368 0.024417435750365257 1199
1764249037192 0.035408783704042435 1209
1764249040028 0.029640793800354004 1219
1764249042873 0.06050637364387512 1229
1764249046388 0.024288605898618698 1239
1764249049313 0.024894697591662407 1249
1764249052109 0.026633545756340027 1259
1764249054952 0.02819223329424858 1269
1764249058482 0.02905530110001564 1279
1764249061339 0.024085262790322304 1289
1764249064180 0.02238893136382103 1299
1764249066972 0.02680186927318573 1309
1764249069733 0.024567918851971626 1319
1764249073423 0.045163802802562714 1329
1764249076242 0.03397059813141823 1339
1764249079056 0.0426742248237133 1349
1764249081877 0.06472890079021454 1359
1764249085453 0.023890312761068344 1369
1764249088261 0.021388616412878036 1379
1764249091093 0.0316297672688961 1389
1764249093978 0.02787117287516594 1399
1764249097589 0.028575807809829712 1409
1764249100423 0.022981274873018265 1419
1764249103305 0.038279373198747635 1429
1764249106119 0.0337507463991642 1439
1764249108956 0.025048421695828438 1449
1764249112508 0.022935207933187485 1459
1764249115356 0.025280341506004333 1469
1764249118164 0.022133884951472282 1479
1764249121065 0.025128107517957687 1489
1764249124703 0.027151882648468018 1499
1764249127479 0.025809403508901596 1509
1764249130330 0.025620564818382263 1519
1764249133187 0.05042033642530441 1529
1764249135941 0.06353753805160522 1539
1764249139586 0.021809697151184082 1549
1764249142420 0.023187611252069473 1559
1764249145260 0.02493615634739399 1569
1764249148061 0.027664609253406525 1579
1764249151664 0.03994443267583847 1589
1764249154521 0.021549176424741745 1599
1764249157305 0.03953227400779724 1609
1764249160167 0.022950585931539536 1619
1764249163799 0.03110872581601143 1629
1764249166596 0.02408418618142605 1639
1764249169429 0.026356138288974762 1649
1764249172281 0.024914942681789398 1659
1764249175127 0.045760441571474075 1669
1764249178630 0.09668362885713577 1679
1764249181453 0.021210545673966408 1689
1764249184307 0.026147756725549698 1699
1764249187091 0.022955290973186493 1709
1764249190655 0.025858908891677856 1719
1764249193468 0.028950614854693413 1729
1764249196271 0.023086683824658394 1739
1764249199083 0.024367844685912132 1749
1764249201884 0.02658160962164402 1759
1764249205583 0.02120431698858738 1769
1764249208402 0.023323528468608856 1779
1764249211248 0.02984347939491272 1789
1764249214091 0.02164117991924286 1799
1764249217591 0.02326507493853569 1809
1764249220461 0.02272126078605652 1819
1764249223315 0.052373673766851425 1829
1764249226108 0.021730884909629822 1839
1764249229669 0.030323270708322525 1849
1764249232516 0.02203226462006569 1859
1764249235330 0.05356859415769577 1869
1764249238207 0.034497179090976715 1879
1764249241080 0.02639927715063095 1889
1764249244673 0.03123502805829048 1899
1764249247451 0.029589194804430008 1909
1764249250364 0.04768028110265732 1919
1764249253260 0.020239250734448433 1929
1764249256809 0.03646315634250641 1939
1764249259632 0.02123720571398735 1949
1764249262492 0.10487262904644012 1959
1764249265382 0.02016175538301468 1969
1764249268160 0.042603589594364166 1979
1764249271973 0.03248108923435211 1989
1764249274840 0.02340756170451641 1999
1764249277828 0.023838095366954803 2009
1764249280661 0.02083004266023636 2019
1764249284232 0.031566321849823 2029
1764249287087 0.023280171677470207 2039
1764249289958 0.019218742847442627 2049
1764249292782 0.02329172194004059 2059
1764249296345 0.02404460310935974 2069
1764249299154 0.02036556601524353 2079
1764249302009 0.03790299594402313 2089
1764249304860 0.019998831674456596 2099
1764249307655 0.01916712149977684 2109
1764249311216 0.0203726664185524 2119
1764249314099 0.030662287026643753 2129
1764249316913 0.03234221041202545 2139
1764249319767 0.023390304297208786 2149
1764249323416 0.018455862998962402 2159
1764249326282 0.019627122208476067 2169
1764249329098 0.023005694150924683 2179
1764249331964 0.026818592101335526 2189
1764249334739 0.03558441624045372 2199
1764249338299 0.021834971383213997 2209
1764249341118 0.019916245713829994 2219
1764249343983 0.02428801730275154 2229
1764249346785 0.034062497317790985 2239
1764249350335 0.06361870467662811 2249
1764249353153 0.026500403881072998 2259
1764249356006 0.027338482439517975 2269
1764249358806 0.02314778044819832 2279
