1763747741579 0.0 9
1763747742888 0.0 19
1763747744180 0.0 29
1763747745584 0.0 30
1763747747496 1.0 39
1763747748794 1.0 49
1763747750087 1.0 59
1763747750567 1.0 61
1763747752120 2.0 69
1763747753419 2.0 79
1763747754711 2.0 89
1763747755325 2.0 92
1763747756576 3.0 99
1763747757869 3.0 109
1763747759161 3.0 119
1763747759901 3.0 123
1763747761099 4.0 129
1763747762388 4.0 139
1763747763677 4.0 149
1763747764545 4.0 154
1763747765567 5.0 159
1763747766858 5.0 169
1763747768158 5.0 179
1763747769151 5.0 185
1763747770045 6.0 189
1763747771337 6.0 199
1763747772629 6.0 209
1763747773759 6.0 216
1763747774520 7.0 219
1763747775812 7.0 229
1763747777104 7.0 239
1763747778361 7.0 247
1763747779027 8.0 249
1763747780317 8.0 259
1763747781608 8.0 269
1763747782990 8.0 278
1763747783550 9.0 279
1763747784848 9.0 289
1763747786142 9.0 299
1763747787398 9.0 309
1763747787669 9.0 309
1763747789345 10.0 319
1763747790639 10.0 329
1763747791931 10.0 339
1763747792287 10.0 340
1763747793805 11.0 349
1763747795100 11.0 359
1763747796399 11.0 369
1763747796879 11.0 371
1763747798250 12.0 379
1763747799540 12.0 389
1763747800835 12.0 399
1763747801444 12.0 402
1763747802710 13.0 409
1763747803999 13.0 419
1763747805291 13.0 429
1763747806032 13.0 433
1763747807202 14.0 439
1763747808500 14.0 449
1763747809797 14.0 459
1763747810666 14.0 464
1763747811741 15.0 469
1763747813034 15.0 479
1763747814334 15.0 489
1763747815327 15.0 495
1763747816231 16.0 499
1763747817523 16.0 509
1763747818824 16.0 519
1763747819998 16.0 526
1763747820791 17.0 529
1763747822089 17.0 539
1763747823386 17.0 549
1763747824641 17.0 557
1763747825246 18.0 559
1763747826546 18.0 569
1763747827852 18.0 579
1763747831088 18.0 588
1763747831603 19.0 589
1763747832896 19.0 599
1763747834189 19.0 609
1763747835473 19.0 619
1763747835743 19.0 619
