1763747741579 0.3659344017505646 9
1763747742888 0.22693979740142822 19
1763747744180 0.22159603238105774 29
1763747747496 0.18523940443992615 39
1763747748794 0.1842721700668335 49
1763747750087 0.17046761512756348 59
1763747752120 0.21689963340759277 69
1763747753419 0.16142217814922333 79
1763747754711 0.151144877076149 89
1763747756576 0.11701449751853943 99
1763747757869 0.08905008435249329 109
1763747759161 0.13853034377098083 119
1763747761099 0.07641483843326569 129
1763747762388 0.09386341273784637 139
1763747763677 0.11316607892513275 149
1763747765567 0.0801231861114502 159
1763747766858 0.08436763286590576 169
1763747768158 0.1052408367395401 179
1763747770045 0.06591498851776123 189
1763747771337 0.07835830748081207 199
1763747772629 0.0620511919260025 209
1763747774520 0.05878201127052307 219
1763747775812 0.07939329743385315 229
1763747777104 0.07599130272865295 239
1763747779027 0.05552974343299866 249
1763747780317 0.05365598201751709 259
1763747781608 0.058271005749702454 269
1763747783550 0.061033524572849274 279
1763747784848 0.05807821825146675 289
1763747786142 0.06106105446815491 299
1763747787398 0.06467466056346893 309
1763747789345 0.05138908699154854 319
1763747790639 0.05680730938911438 329
1763747791931 0.055397141724824905 339
1763747793805 0.04634563997387886 349
1763747795100 0.05602536350488663 359
1763747796399 0.06979247182607651 369
1763747798250 0.048462361097335815 379
1763747799540 0.05309085547924042 389
1763747800835 0.054966725409030914 399
1763747802710 0.050661392509937286 409
1763747803999 0.05137109383940697 419
1763747805291 0.07749137282371521 429
1763747807202 0.042699769139289856 439
1763747808500 0.04807184636592865 449
1763747809797 0.04889405891299248 459
1763747811741 0.041109904646873474 469
1763747813034 0.04001156613230705 479
1763747814334 0.04483408480882645 489
1763747816231 0.042437631636857986 499
1763747817523 0.051656998693943024 509
1763747818824 0.039593204855918884 519
1763747820791 0.04509470611810684 529
1763747822089 0.04189734160900116 539
1763747823386 0.06828384101390839 549
1763747825246 0.041983284056186676 559
1763747826546 0.05990123003721237 569
1763747827852 0.05125464126467705 579
1763747831603 0.04887419939041138 589
1763747832896 0.04303870350122452 599
1763747834189 0.04033835977315903 609
1763747835473 0.055398665368556976 619
